[((0.94,0.77),256)]|[(a#.minor,32),(b.minor,80),(a.minor,144)]|[77,90,90,90,90,90,90,90,90,90,90,90,90,90,90,90,90,90,90,90,90,90,90,100,90,90,101,100,101,100,100,100,100,90,100,100,100,90,100,100,100,100,100,100,100,100,100,100,100,100,100,100,100,100,100,100,100,100,100,0,0,0,0,0]|[(77,4),(90,88),(100,4),(90,8),(101,4),(100,4),(101,4),(100,16),(90,4),(100,12),(90,4),(100,84),(0,20)]|[[],[],[],[],[],[],[],[],[],[],[],[],[],[],[],[]]|[]|[[4, 88, 4, 8, 4, 4, 4, 16, 4, 12, 4, 84, 20], [[0, 256]], ((0, 0, 0), (101, -77, 49)), [0, 0, 0, 0, (0, 0)]]
[((0.94,0.77),256)]|[(a.minor,32),(c#.minor,208),(C.major,16)]|[0,89,89,0,0,100,89,65,100,0,100,100,68,68,68,68,68,68,68,68,68,68,68,68,68,68,68,68,68,68,68,68,68,68,68,68,68,68,68,68,68,68,68,68,68,68,68,68,68,68,68,68,68,68,68,68,68,68,68,68,0,0,0,0]|[(0,4),(89,8),(0,8),(100,4),(89,4),(65,4),(100,4),(0,4),(100,8),(68,192),(0,16)]|[[],[],[],[],[],[],[],[],[],[],[],[],[],[],[],[]]|[]|[[4, 8, 8, 4, 4, 4, 4, 4, 8, 192, 16], [[0, 256]], ((0, 0, 0), (100, 0, 62)), [0, 0, 1, 0, (0, 0)]]
[((0.94,0.77),256)]|[(D#.MAJOR,256)]|[87,63,55,0,0,0,0,0,74,74,74,74,74,74,74,74,74,74,74,74,74,74,74,74,74,74,74,74,74,74,74,74,74,74,74,74,74,74,74,74,74,74,74,74,74,74,74,74,74,74,74,74,74,74,74,74,74,0,0,0,0,0,0,0]|[(87,4),(63,4),(55,4),(0,20),(74,196),(0,28)]|[[],[],[],[],[],[],[],[],[],[],[],[],[],[],[],[]]|[]|[[4, 4, 4, 20, 196, 28], [[0, 256]], ((0, 0, 0), (87, -87, 16)), [0, 0, 1, 0, (0, 0)]]
[((0.94,0.77),256)]|[(D#.MAJOR,256)]|[0,0,0,0,72,74,74,74,74,74,90,90,90,90,90,90,99,99,99,99,99,99,99,99,99,99,99,99,99,99,99,99,99,99,99,99,99,99,99,99,99,99,99,99,99,99,99,99,99,99,99,99,99,99,99,99,99,99,99,99,99,99,99,99]|[(0,16),(72,4),(74,20),(90,24),(99,192)]|[[],[58,67],[58,67],[58],[67,71],[67,71],[67,71],[67,71],[67,71],[67,71],[67,71],[67,71],[67,68,71],[67,68,71],[67,68,71],[67,68,71]]|[160]|[[16, 4, 20, 24, 192], [(15.685, 16), (31.37, 32), (-27.6, 16), (16.15, 128), (34.92, 64)], [(58, 9, 2), (99, 99, 40)], [0, 0, 1, 0, (0, 0)]]
[((0.94,0.77),256)]|[(D#.MAJOR,96),(g.minor,160)]|[99,82,82,82,82,82,82,82,82,82,82,82,82,0,0,0,0,0,0,0,0,0,0,0,0,0,98,98,98,98,98,98,98,98,98,98,98,98,98,98,98,98,98,98,98,98,98,98,98,98,98,98,98,98,98,98,98,98,98,98,98,98,98,98]|[(99,4),(82,48),(0,52),(98,152)]|[[65,67],[65,67],[65,67],[],[],[],[],[65,68,72],[65,68,72],[65,68,72],[65,68,72],[65,68,72],[65,68,72],[],[],[]]|[224]|[[4, 48, 52, 152], [(-13.92, 48), (10.07, 64), (34.06, 96), (17.03, 48)], [(65, 0, 0), (99, -1, -24)], [0, 0, 1, 1, (0, 0)]]
[((0.94,0.77),256)]|[(g.minor,208),(a.minor,48)]|[98,98,98,98,98,98,98,98,98,98,98,72,72,72,72,72,72,72,72,72,72,72,72,72,72,72,72,72,72,0,0,0,0,0,0,60,60,69,69,69,72,69,69,69,69,69,72,72,72,72,72,72,72,72,72,53,53,53,53,53,53,53,53,53]|[(98,44),(72,72),(0,24),(60,8),(69,12),(72,4),(69,20),(72,36),(53,36)]|[[],[62,65,67],[62,65,67],[62,65,67],[62,65,67],[62,65,67],[62,65,67],[],[],[],[],[],[],[],[],[]]|[]|[[44, 72, 24, 8, 12, 4, 20, 36, 36], [(-9.71, 16), (-19.42, 96), (-9.71, 144)], [(62, 0, 0), (98, -45, -10)], [0, 0, 0, 0, (0, 0)]]
[((0.94,0.77),256)]|[(a.minor,256)]|[53,53,53,53,74,74,74,74,74,74,74,74,74,74,74,74,74,74,74,74,0,0,0,0,0,69,0,0,0,0,0,0,0,0,0,0,0,84,84,87,0,0,0,0,88,88,88,88,88,88,88,88,88,88,88,88,88,88,88,88,88,88,88,88]|[(53,16),(74,64),(0,20),(69,4),(0,44),(84,8),(87,4),(0,16),(88,80)]|[[],[],[69],[],[],[],[],[29,41],[29,41],[29,41],[29,41],[41],[41],[41],[41],[41]]|[]|[[16, 64, 20, 4, 44, 8, 4, 16, 80], [(3.52, 32), (7.04, 16), (-5.65, 64), (-18.34, 64), (-9.36, 80)], [(29, -28, -16), (88, 35, -17)], [0, 0, 1, 0, (0, 0)]]
[((0.94,0.77),256)]|[(F.MAJOR,256)]|[101,101,101,101,101,101,101,101,101,101,101,101,101,101,101,101,101,101,101,101,101,101,103,103,103,103,103,103,103,103,103,103,103,103,103,103,103,101,101,101,101,101,101,101,101,101,101,101,101,101,101,101,101,101,101,101,101,101,101,101,101,101,101,101]|[(101,88),(103,60),(101,108)]|[[],[],[],[],[89],[89],[],[],[],[],[56,60],[56,60],[56,60],[56,60],[56,60,63,65,89],[65,89]]|[]|[[88, 60, 108], [(-2.94, 64), (-5.88, 32), (11.345, 64), (28.57, 64), (53.87, 16), (-11.66, 16)], [(56, -24, -12), (103, 0, 0)], [0, 0, 1, 0, (0, 0)]]
[((0.94,0.77),256)]|[(F.MAJOR,256)]|[101,101,101,101,101,101,101,101,101,101,101,101,101,101,101,101,101,101,101,101,101,101,101,101,101,101,101,101,101,101,101,101,101,101,101,101,101,101,101,101,101,101,101,101,101,101,96,96,96,96,96,96,96,96,96,96,96,96,96,96,96,96,96,96]|[(101,184),(96,72)]|[[65,89],[89],[63,99],[99],[99],[99],[],[],[56],[],[],[],[57,60,62,69,72],[57,60,62,69,72],[57,60,62,69,72],[57,60,62,69,72]]|[48]|[[184, 72], [(-11.66, 16), (-5.88, 16), (-47.55, 16), (-27.6, 48), (-26.115000000000002, 32), (-24.63, 16), (2.91, 48), (30.45, 64)], [(56, -8, 11), (101, -5, 1)], [0, 0, 1, 1, (1, 4)]]
[((0.94,0.77),256)]|[(F.MAJOR,256)]|[96,96,96,96,96,96,96,96,96,96,0,0,72,72,84,72,72,72,72,72,72,72,72,72,72,72,72,72,72,72,72,70,70,70,70,70,70,0,0,0,70,74,74,74,77,74,74,74,77,74,74,74,74,74,74,74,74,74,74,74,74,74,74,77]|[(96,40),(0,8),(72,8),(84,4),(72,64),(70,24),(0,12),(70,4),(74,12),(77,4),(74,12),(77,4),(74,56),(77,4)]|[[57,60,62,69,72],[57,60,62,69,72],[57,60,62,69,72],[57,60,62,65,69],[57,62,65,69,70],[57,62,65,69,70],[57,60,62,65,69],[57,60,62,65,69],[62],[62],[62],[38,62,70,74],[38,62,70],[38,62,70],[67,70],[67,70]]|[]|[[40, 8, 8, 4, 64, 24, 12, 4, 12, 4, 12, 4, 56, 4], [(30.45, 48), (31.37, 16), (49.41, 32), (31.37, 32), (7.04, 48), (44.92, 16), (40.59, 32), (34.92, 32)], [(38, 10, -7), (96, -19, -16)], [0, 0, 1, 1, (0, 0)]]
[((0.94,0.77),256)]|[(F.MAJOR,208),(C.major,48)]|[81,74,74,81,84,84,81,84,89,89,89,89,89,89,89,89,89,89,89,89,89,89,89,89,89,89,89,89,89,89,89,89,89,89,89,89,89,89,89,89,89,89,89,89,89,89,89,89,89,89,0,0,0,0,0,0,0,0,0,0,0,0,0,0]|[(81,4),(74,8),(81,4),(84,8),(81,4),(84,4),(89,168),(0,56)]|[[38,70,77],[38,41,65,70,77],[29,38,41,65,70,77],[29,36,38,41,65,77],[29,36,38,41,65,77],[29,36,38,41,65,77],[29,38,41,65,77,86,89],[29,36,38,41,65,86],[29,36,38,41,65,86],[36,38,41,65,86],[36,38,41,65,86],[36,38,41,65,86],[36,38,41,65],[],[],[]]|[192]|[[4, 8, 4, 8, 4, 4, 168, 56], [(39.82, 16), (46.91, 16), (50.0, 16), (-32.28, 48), (-38.24, 16), (-33.18, 32), (-28.57, 48), (-22.58, 16), (-11.29, 48)], [(29, -2, -5), (89, -81, 27)], [0, 0, 1, 1, (0, 0)]]
[((0.94,0.77),256)]|[(g#.minor,16),(c.minor,192),(c#.minor,48)]|[82,82,82,82,82,82,82,103,103,103,103,103,103,103,103,103,103,103,103,103,103,103,103,103,103,103,103,103,103,103,103,103,103,103,103,103,103,103,103,103,103,103,103,103,103,104,104,104,104,104,104,104,104,104,104,104,104,104,104,104,104,104,104,104]|[(82,28),(103,152),(104,76)]|[[],[],[76,77,81],[76,77,81],[76,77,81],[76,77,81],[76,77,81],[76,77,81],[76,77,81],[76,77,81],[77,79,81,85],[76,79,81,85],[79,82,85,97,99],[79,82,85,97,99],[79,80,82,85,92,97,99],[79,80,82,85,92,97,99]]|[]|[[28, 152, 76], [(11.805, 32), (23.61, 128), (35.77, 16), (34.92, 16), (-63.28, 32), (-73.28, 32)], [(76, 3, -1), (104, 22, 8)], [0, 0, 1, 1, (0, 0)]]
[((0.94,0.77),256)]|[(c#.minor,256)]|[104,104,104,104,104,104,104,104,104,104,104,104,104,104,104,104,104,104,104,104,104,104,104,104,104,104,104,104,104,104,104,104,104,104,104,104,104,104,104,104,104,104,104,104,104,104,104,104,104,104,104,104,104,104,104,104,104,104,104,104,104,43,43,45]|[(104,244),(43,8),(45,4)]|[[79,80,82,85,92,97,99],[79,80,82,85,92,97,99],[79,80,82,85,92,97,99],[79,80,82,85,92,97,99],[79,80,82,85,92,97,99],[79,80,92,99],[76,80,92],[76,80],[76,80],[76,80],[],[],[],[],[],[]]|[]|[[244, 8, 4], [(-73.28, 80), (-55.38, 16), (-44.23, 16), (28.57, 48), (14.285, 96)], [(76, -3, 0), (104, -59, 26)], [0, 0, 1, 1, (1, 1)]]
[((0.94,0.77),256)]|[(a#.minor,112),(f.minor,64),(c.minor,80)]|[0,0,0,0,0,0,0,0,0,0,0,0,0,0,0,0,0,77,77,77,77,70,70,70,70,0,100,101,101,101,101,101,101,101,101,101,101,101,101,101,101,103,103,103,103,103,103,103,103,103,103,103,103,103,103,103,103,103,103,103,103,103,101,101]|[(0,68),(77,16),(70,16),(0,4),(100,4),(101,56),(103,84),(101,8)]|[[73],[73],[],[],[],[],[],[88],[73,88],[73,88],[73,77],[73,77],[69,73,77],[51,56,73],[72,77,88,89],[72,77,89]]|[144,256]|[[68, 16, 16, 4, 4, 56, 84, 8], [(-18.34, 32), (-5.0649999999999995, 80), (8.21, 16), (25.63, 32), (26.62, 32), (32.28, 16), (-51.72, 16), (-30.45, 16), (-23.61, 16)], [(51, -1, -1), (103, 101, 19)], [0, 0, 1, 1, (0, 0)]]
[((0.94,0.77),256)]|[(c.minor,160),(d#.minor,96)]|[0,101,101,101,101,101,101,101,101,102,0,0,99,99,102,102,102,102,102,102,102,102,101,101,101,0,0,101,101,101,104,104,104,101,101,101,101,101,101,101,101,51,51,0,0,0,58,58,0,0,0,62,0,0,0,68,0,95,95,95,95,95,99,99]|[(0,4),(101,32),(102,4),(0,8),(99,8),(102,32),(101,12),(0,8),(101,12),(104,12),(101,32),(51,8),(0,12),(58,8),(0,12),(62,4),(0,12),(68,4),(0,4),(95,20),(99,8)]|[[],[],[],[],[90],[],[],[63,65],[99,103],[96,99],[],[],[],[],[],[]]|[160]|[[4, 32, 4, 8, 8, 32, 12, 8, 12, 12, 32, 8, 12, 8, 12, 4, 12, 4, 4, 20, 8], [(7.52, 64), (15.04, 16), (23.66, 32), (32.28, 16), (28.57, 16), (29.52, 16), (14.76, 96)], [(63, 6, -6), (104, 99, 23)], [0, 0, 0, 0, (0, 0)]]
[((0.94,0.77),256)]|[(d#.minor,16),(a#.minor,240)]|[99,99,99,99,99,96,96,96,96,94,88,98,101,101,101,101,101,101,101,0,101,101,89,101,0,101,101,97,103,94,96,92,100,96,96,99,96,96,96,96,94,94,94,94,94,94,97,100,101,101,101,101,101,101,101,101,101,101,101,101,101,101,101,101]|[(99,20),(96,16),(94,4),(88,4),(98,4),(101,28),(0,4),(101,8),(89,4),(101,4),(0,4),(101,8),(97,4),(103,4),(94,4),(96,4),(92,4),(100,4),(96,8),(99,4),(96,16),(94,24),(97,4),(100,4),(101,64)]|[[],[],[],[72,77,96],[],[],[53,65,89],[82,91],[],[84],[],[],[63,99],[],[77,89],[89]]|[176]|[[20, 16, 4, 4, 4, 28, 4, 8, 4, 4, 4, 8, 4, 4, 4, 4, 4, 4, 8, 4, 16, 24, 4, 4, 64], [(-10.24, 48), (-20.48, 16), (-23.55, 32), (-26.62, 16), (31.37, 16), (12.745000000000001, 16), (-5.88, 16), (-24.705000000000002, 32), (-43.53, 16), (-30.935000000000002, 16), (-18.34, 16), (-9.36, 16)], [(53, 17, -7), (103, 2, -5)], [0, 0, 1, 1, (1, 31)]]
[((0.94,0.77),256)]|[(a#.minor,192),(C.MAJOR,64)]|[101,101,101,101,101,101,101,101,101,101,101,101,101,101,101,101,101,101,101,101,101,101,101,101,99,99,99,99,99,99,99,99,99,99,99,99,99,99,99,99,99,99,99,0,0,0,63,63,103,103,103,103,101,101,101,103,103,0,0,100,100,100,0,0]|[(101,96),(99,76),(0,12),(63,8),(103,16),(101,12),(103,8),(0,8),(100,12),(0,8)]|[[77],[],[],[],[],[],[],[],[],[],[],[],[70,100],[68,100],[100,101],[]]|[240]|[[96, 76, 12, 8, 16, 12, 8, 8, 12, 8], [(-9.36, 16), (-21.71, 176), (-34.06, 16), (28.57, 16), (-17.25, 16), (-8.625, 16)], [(68, 23, -10), (103, -101, 37)], [0, 0, 1, 1, (1, 1)]]
