[((-0.17,0.68),256)]|[(a#.minor,64),(b.minor,80),(a.minor,112)]|[77,77,77,77,77,77,77,77,77,90,90,90,90,90,90,90,90,90,90,90,90,90,90,90,90,90,90,90,90,90,90,100,90,90,101,100,101,100,100,100,100,90,100,100,100,90,100,100,100,100,100,100,100,100,100,100,100,100,100,100,100,100,100,100]|[(77,36),(90,88),(100,4),(90,8),(101,4),(100,4),(101,4),(100,16),(90,4),(100,12),(90,4),(100,72)]|[[],[],[],[],[],[],[],[],[],[],[],[],[],[],[],[]]|[]|[[36, 88, 4, 8, 4, 4, 4, 16, 4, 12, 4, 72], [[0, 256]], ((0, 0, 0), (101, 23, 4)), [0, 0, 0, 0, (0, 0)]]
[((-0.17,0.68),256)]|[(a.minor,64),(c#.minor,192)]|[100,100,100,0,0,0,0,0,0,89,89,0,0,100,89,65,100,0,100,100,68,68,68,68,68,68,68,68,68,68,68,68,68,68,68,68,68,68,68,68,68,68,68,68,68,68,68,68,68,68,68,68,68,68,68,68,68,68,68,68,68,68,68,68]|[(100,12),(0,24),(89,8),(0,8),(100,4),(89,4),(65,4),(100,4),(0,4),(100,8),(68,176)]|[[],[],[],[],[],[],[],[],[],[],[],[],[],[],[],[]]|[]|[[12, 24, 8, 8, 4, 4, 4, 4, 4, 8, 176], [[0, 256]], ((0, 0, 0), (100, -32, -22)), [0, 0, 1, 0, (0, 0)]]
[((-0.17,0.68),256)]|[(D#.MAJOR,256)]|[0,0,0,0,0,0,0,87,87,63,55,0,0,0,0,0,74,74,74,74,74,74,74,74,74,74,74,74,74,74,74,74,74,74,74,74,74,74,74,74,74,74,74,74,74,74,74,74,74,74,74,74,74,74,74,74,74,74,74,74,74,74,74,74]|[(0,28),(87,8),(63,4),(55,4),(0,20),(74,192)]|[[],[],[],[],[],[],[],[],[],[],[],[],[],[],[],[]]|[]|[[28, 8, 4, 4, 20, 192], [[0, 256]], ((0, 0, 0), (87, 74, 23)), [0, 0, 1, 0, (0, 0)]]
[((-0.17,0.68),256)]|[(D#.MAJOR,256)]|[74,0,0,0,0,0,0,0,0,0,0,0,72,74,74,74,74,74,90,90,90,90,90,90,99,99,99,99,99,99,99,99,99,99,99,99,99,99,99,99,99,99,99,99,99,99,99,99,99,99,99,99,99,99,99,99,99,99,99,99,99,99,99,99]|[(74,4),(0,44),(72,4),(74,20),(90,24),(99,160)]|[[],[],[],[58,67],[58,67],[58],[67,71],[67,71],[67,71],[67,71],[67,71],[67,71],[67,71],[67,71],[67,68,71],[67,68,71]]|[192]|[[4, 44, 4, 20, 24, 160], [(15.685, 48), (31.37, 32), (-27.6, 16), (16.15, 128), (34.92, 32)], [(58, 9, 2), (99, 25, -9)], [0, 0, 1, 0, (0, 0)]]
[((-0.17,0.68),256)]|[(D#.MAJOR,128),(g.minor,128)]|[99,99,99,99,99,99,99,99,99,82,82,82,82,82,82,82,82,82,82,82,82,0,0,0,0,0,0,0,0,0,0,0,0,0,98,98,98,98,98,98,98,98,98,98,98,98,98,98,98,98,98,98,98,98,98,98,98,98,98,98,98,98,98,98]|[(99,36),(82,48),(0,52),(98,120)]|[[67,68,71],[67,68,71],[65,67],[65,67],[65,67],[],[],[],[],[65,68,72],[65,68,72],[65,68,72],[65,68,72],[65,68,72],[65,68,72],[]]|[256]|[[36, 48, 52, 120], [(34.92, 32), (-13.92, 48), (10.07, 64), (34.06, 96), (17.03, 16)], [(65, -2, -1), (99, -1, -24)], [0, 0, 1, 1, (0, 0)]]
[((-0.17,0.68),256)]|[(g.minor,240),(a.minor,16)]|[98,98,98,98,98,98,98,98,98,98,98,98,98,98,98,98,98,98,98,72,72,72,72,72,72,72,72,72,72,72,72,72,72,72,72,72,72,0,0,0,0,0,0,60,60,69,69,69,72,69,69,69,69,69,72,72,72,72,72,72,72,72,72,53]|[(98,76),(72,72),(0,24),(60,8),(69,12),(72,4),(69,20),(72,36),(53,4)]|[[],[],[],[62,65,67],[62,65,67],[62,65,67],[62,65,67],[62,65,67],[62,65,67],[],[],[],[],[],[],[]]|[]|[[76, 72, 24, 8, 12, 4, 20, 36, 4], [(-9.71, 48), (-19.42, 96), (-9.71, 112)], [(62, 0, 0), (98, -45, -4)], [0, 0, 1, 1, (1, 1)]]
[((-0.17,0.68),256)]|[(a.minor,256)]|[53,53,53,53,53,53,53,53,53,53,53,53,74,74,74,74,74,74,74,74,74,74,74,74,74,74,74,74,0,0,0,0,0,69,0,0,0,0,0,0,0,0,0,0,0,84,84,87,0,0,0,0,88,88,88,88,88,88,88,88,88,88,88,88]|[(53,48),(74,64),(0,20),(69,4),(0,44),(84,8),(87,4),(0,16),(88,48)]|[[],[],[],[],[69],[],[],[],[],[29,41],[29,41],[29,41],[29,41],[41],[41],[41]]|[]|[[48, 64, 20, 4, 44, 8, 4, 16, 48], [(3.52, 64), (7.04, 16), (-5.65, 64), (-18.34, 64), (-9.36, 48)], [(29, -28, -17), (88, 35, -21)], [0, 0, 0, 0, (0, 0)]]
[((-0.17,0.68),256)]|[(a.minor,256)]|[88,88,88,88,88,88,88,88,88,88,88,88,88,0,0,0,0,0,0,0,0,0,0,0,0,0,0,0,0,0,0,0,0,0,0,0,0,0,0,0,0,0,0,0,0,0,0,0,0,0,0,0,0,0,0,0,0,0,0,0,0,0,0,0]|[(88,52),(0,204)]|[[41],[41],[41],[],[],[],[],[],[],[],[],[],[],[],[],[]]|[]|[[52, 204], [(-9.36, 48), (-4.68, 208)], [(41, 0, 0), (88, -88, -27)], [0, 0, 1, 0, (0, 0)]]
[((-0.17,0.68),256)]|[(F.MAJOR,256)]|[90,90,90,90,90,90,90,101,101,101,101,101,101,101,101,101,101,101,101,101,101,101,101,101,101,101,101,101,101,101,103,103,103,103,103,103,103,103,103,103,103,103,103,103,103,101,101,101,101,101,101,101,101,101,101,101,101,101,101,101,101,101,101,101]|[(90,28),(101,92),(103,60),(101,76)]|[[],[],[],[],[],[],[89],[89],[],[],[],[],[56,60],[56,60],[56,60],[56,60]]|[]|[[28, 92, 60, 76], [(-2.94, 96), (-5.88, 32), (11.345, 64), (28.57, 64)], [(56, -33, -6), (103, 11, 4)], [0, 0, 1, 0, (0, 0)]]
[((-0.17,0.68),256)]|[(F.MAJOR,256)]|[101,101,101,101,101,101,101,101,101,101,101,101,101,101,101,101,101,101,101,101,101,101,101,101,101,101,101,101,101,101,101,101,101,101,101,101,101,101,101,101,101,101,101,101,101,101,101,101,101,101,101,101,101,101,96,96,96,96,96,96,96,96,96,96]|[(101,216),(96,40)]|[[56,60,63,65,89],[65,89],[65,89],[89],[63,99],[99],[99],[99],[],[],[56],[],[],[],[57,60,62,69,72],[57,60,62,69,72]]|[80]|[[216, 40], [(53.87, 16), (-11.66, 32), (-5.88, 16), (-47.55, 16), (-27.6, 48), (-26.115000000000002, 32), (-24.63, 16), (2.91, 48), (30.45, 32)], [(56, 1, 16), (101, -5, 1)], [0, 0, 1, 1, (1, 1)]]
[((-0.17,0.68),256)]|[(F.MAJOR,256)]|[96,96,96,96,96,96,96,96,96,96,96,96,96,96,96,96,96,96,0,0,72,72,84,72,72,72,72,72,72,72,72,72,72,72,72,72,72,72,72,70,70,70,70,70,70,0,0,0,70,74,74,74,77,74,74,74,77,74,74,74,74,74,74,74]|[(96,72),(0,8),(72,8),(84,4),(72,64),(70,24),(0,12),(70,4),(74,12),(77,4),(74,12),(77,4),(74,28)]|[[57,60,62,69,72],[57,60,62,69,72],[57,60,62,69,72],[57,60,62,69,72],[57,60,62,69,72],[57,60,62,65,69],[57,62,65,69,70],[57,62,65,69,70],[57,60,62,65,69],[57,60,62,65,69],[62],[62],[62],[38,62,70,74],[38,62,70],[38,62,70]]|[]|[[72, 8, 8, 4, 64, 24, 12, 4, 12, 4, 12, 4, 28], [(30.45, 80), (31.37, 16), (49.41, 32), (31.37, 32), (7.04, 48), (44.92, 16), (40.59, 32)], [(38, -19, 6), (96, -22, -12)], [0, 0, 1, 1, (0, 0)]]
[((-0.17,0.68),256)]|[(F.MAJOR,240),(C.major,16)]|[74,74,74,74,74,74,74,77,81,74,74,81,84,84,81,84,89,89,89,89,89,89,89,89,89,89,89,89,89,89,89,89,89,89,89,89,89,89,89,89,89,89,89,89,89,89,89,89,89,89,89,89,89,89,89,89,89,89,0,0,0,0,0,0]|[(74,28),(77,4),(81,4),(74,8),(81,4),(84,8),(81,4),(84,4),(89,168),(0,24)]|[[67,70],[67,70],[38,70,77],[38,41,65,70,77],[29,38,41,65,70,77],[29,36,38,41,65,77],[29,36,38,41,65,77],[29,36,38,41,65,77],[29,38,41,65,77,86,89],[29,36,38,41,65,86],[29,36,38,41,65,86],[36,38,41,65,86],[36,38,41,65,86],[36,38,41,65,86],[36,38,41,65],[]]|[224]|[[28, 4, 4, 8, 4, 8, 4, 4, 168, 24], [(34.92, 32), (39.82, 16), (46.91, 16), (50.0, 16), (-32.28, 48), (-38.24, 16), (-33.18, 32), (-28.57, 48), (-22.58, 16), (-11.29, 16)], [(29, -31, -15), (89, -74, 40)], [0, 0, 1, 1, (0, 0)]]
[((-0.17,0.68),256)]|[(g#.minor,48),(c.minor,192),(c#.minor,16)]|[80,80,80,80,80,80,82,82,82,82,82,82,82,82,82,103,103,103,103,103,103,103,103,103,103,103,103,103,103,103,103,103,103,103,103,103,103,103,103,103,103,103,103,103,103,103,103,103,103,103,103,103,103,104,104,104,104,104,104,104,104,104,104,104]|[(80,24),(82,36),(103,152),(104,44)]|[[],[],[],[],[76,77,81],[76,77,81],[76,77,81],[76,77,81],[76,77,81],[76,77,81],[76,77,81],[76,77,81],[77,79,81,85],[76,79,81,85],[79,82,85,97,99],[79,82,85,97,99]]|[]|[[24, 36, 152, 44], [(11.805, 64), (23.61, 128), (35.77, 16), (34.92, 16), (-63.28, 32)], [(76, 3, -1), (104, 24, 6)], [0, 0, 1, 0, (0, 0)]]
[((-0.17,0.68),256)]|[(c#.minor,256)]|[104,104,104,104,104,104,104,104,104,104,104,104,104,104,104,104,104,104,104,104,104,104,104,104,104,104,104,104,104,104,104,104,104,104,104,104,104,104,104,104,104,104,104,104,104,104,104,104,104,104,104,104,104,104,104,104,104,104,104,104,104,104,104,104]|[(104,256)]|[[79,80,82,85,92,97,99],[79,80,82,85,92,97,99],[79,80,82,85,92,97,99],[79,80,82,85,92,97,99],[79,80,82,85,92,97,99],[79,80,82,85,92,97,99],[79,80,82,85,92,97,99],[79,80,92,99],[76,80,92],[76,80],[76,80],[76,80],[],[],[],[]]|[]|[[256], [(-73.28, 112), (-55.38, 16), (-44.23, 16), (28.57, 48), (14.285, 64)], [(76, -3, 0), (104, 0, 0)], [0, 0, 1, 1, (0, 0)]]
[((-0.17,0.68),256)]|[(a#.minor,144),(f.minor,64),(c.minor,48)]|[0,0,0,0,0,0,0,0,0,0,0,0,0,0,0,0,0,0,0,0,0,0,0,0,0,77,77,77,77,70,70,70,70,0,100,101,101,101,101,101,101,101,101,101,101,101,101,101,101,103,103,103,103,103,103,103,103,103,103,103,103,103,103,103]|[(0,100),(77,16),(70,16),(0,4),(100,4),(101,56),(103,60)]|[[73],[73],[73],[73],[],[],[],[],[],[88],[73,88],[73,88],[73,77],[73,77],[69,73,77],[51,56,73]]|[176]|[[100, 16, 16, 4, 4, 56, 60], [(-18.34, 64), (-5.0649999999999995, 80), (8.21, 16), (25.63, 32), (26.62, 32), (32.28, 16), (-51.72, 16)], [(51, -22, 10), (103, 103, 5)], [0, 0, 1, 1, (1, 27)]]
[((-0.17,0.68),256)]|[(c.minor,192),(d#.minor,64)]|[103,103,103,103,103,103,101,101,0,101,101,101,101,101,101,101,101,102,0,0,99,99,102,102,102,102,102,102,102,102,101,101,101,0,0,101,101,101,104,104,104,101,101,101,101,101,101,101,101,51,51,0,0,0,58,58,0,0,0,62,0,0,0,68]|[(103,24),(101,8),(0,4),(101,32),(102,4),(0,8),(99,8),(102,32),(101,12),(0,8),(101,12),(104,12),(101,32),(51,8),(0,12),(58,8),(0,12),(62,4),(0,12),(68,4)]|[[72,77,88,89],[72,77,89],[],[],[],[],[90],[],[],[63,65],[99,103],[96,99],[],[],[],[]]|[32,192]|[[24, 8, 4, 32, 4, 8, 8, 32, 12, 8, 12, 12, 32, 8, 12, 8, 12, 4, 12, 4], [(-30.45, 16), (-23.61, 16), (-4.285, 64), (15.04, 16), (23.66, 32), (32.28, 16), (28.57, 16), (29.52, 16), (14.76, 64)], [(63, 24, -2), (104, -35, -11)], [0, 0, 0, 0, (0, 0)]]
[((-0.17,0.68),256)]|[(d#.minor,48),(f.minor,208)]|[0,95,95,95,95,95,99,99,99,99,99,99,99,96,96,96,96,94,88,98,101,101,101,101,101,101,101,0,101,101,89,101,0,101,101,97,103,94,96,92,100,96,96,99,96,96,96,96,94,94,94,94,94,94,97,100,101,101,101,101,101,101,101,101]|[(0,4),(95,20),(99,28),(96,16),(94,4),(88,4),(98,4),(101,28),(0,4),(101,8),(89,4),(101,4),(0,4),(101,8),(97,4),(103,4),(94,4),(96,4),(92,4),(100,4),(96,8),(99,4),(96,16),(94,24),(97,4),(100,4),(101,32)]|[[],[],[],[],[],[72,77,96],[],[],[53,65,89],[82,91],[],[84],[],[],[63,99],[]]|[112,256]|[[4, 20, 28, 16, 4, 4, 4, 28, 4, 8, 4, 4, 4, 8, 4, 4, 4, 4, 4, 4, 8, 4, 16, 24, 4, 4, 32], [(-10.24, 80), (-20.48, 16), (-23.55, 32), (-26.62, 16), (31.37, 16), (12.745000000000001, 16), (-5.88, 16), (-24.705000000000002, 32), (-43.53, 16), (-21.765, 16)], [(53, -9, 3), (103, 101, 42)], [0, 0, 0, 0, (0, 0)]]
