[((0.67,0.95),256)]|[(b.minor,160),(d.minor,96)]|[88,90,90,90,90,90,90,90,90,90,90,90,90,90,90,90,90,90,90,90,90,90,90,90,90,90,90,90,90,86,86,86,86,86,86,86,86,86,86,86,86,86,86,86,86,86,86,86,86,86,86,86,86,86,86,86,86,86,86,86,86,86,86,86]|[(88,4),(90,112),(86,140)]|[[],[],[],[],[],[],[],[],[],[],[],[],[],[],[],[]]|[]|[[4, 112, 140], [[0, 256]], ((0, 0, 0), (90, -2, 0)), [0, 0, 0, 0, (0, 0)]]
[((0.67,0.95),256)]|[(C.major,48),(a#.minor,112),(b.minor,80),(a.minor,16)]|[0,0,0,0,0,0,0,0,0,0,0,0,0,0,0,77,77,77,77,77,77,77,77,77,77,77,77,77,77,77,77,77,77,90,90,90,90,90,90,90,90,90,90,90,90,90,90,90,90,90,90,90,90,90,90,100,90,90,101,100,101,100,100,100]|[(0,60),(77,72),(90,88),(100,4),(90,8),(101,4),(100,4),(101,4),(100,12)]|[[],[],[],[],[],[],[],[],[],[],[],[],[],[],[],[]]|[]|[[60, 72, 88, 4, 8, 4, 4, 4, 12], [[0, 256]], ((0, 0, 0), (101, 100, 16)), [0, 0, 1, 1, (1, 6)]]
[((0.67,0.95),256)]|[(a.minor,160),(c#.minor,96)]|[100,90,100,100,100,90,100,100,100,100,100,100,100,100,100,100,100,100,100,100,100,100,100,100,100,100,100,0,0,0,0,0,0,89,89,0,0,100,89,65,100,0,100,100,68,68,68,68,68,68,68,68,68,68,68,68,68,68,68,68,68,68,68,68]|[(100,4),(90,4),(100,12),(90,4),(100,84),(0,24),(89,8),(0,8),(100,4),(89,4),(65,4),(100,4),(0,4),(100,8),(68,80)]|[[],[],[],[],[],[],[],[],[],[],[],[],[],[],[],[]]|[]|[[4, 4, 12, 4, 84, 24, 8, 8, 4, 4, 4, 4, 4, 8, 80], [[0, 256]], ((0, 0, 0), (100, -32, -10)), [0, 0, 1, 0, (0, 0)]]
[((0.67,0.95),256)]|[(D#.MAJOR,256)]|[74,74,74,74,74,74,74,74,74,74,74,74,74,74,74,74,74,74,74,74,74,74,74,74,74,0,0,0,0,0,0,0,0,0,0,0,72,74,74,74,74,74,90,90,90,90,90,90,99,99,99,99,99,99,99,99,99,99,99,99,99,99,99,99]|[(74,100),(0,44),(72,4),(74,20),(90,24),(99,64)]|[[],[],[],[],[],[],[],[],[],[58,67],[58,67],[58],[67,71],[67,71],[67,71],[67,71]]|[]|[[100, 44, 4, 20, 24, 64], [(15.685, 144), (31.37, 32), (-27.6, 16), (16.15, 64)], [(58, 9, 0), (99, 25, -18)], [0, 0, 1, 1, (0, 0)]]
[((0.67,0.95),256)]|[(D#.MAJOR,224),(g.minor,32)]|[99,99,99,99,99,99,99,99,99,99,99,99,99,99,99,99,99,99,99,99,99,99,99,99,99,99,99,99,99,99,99,99,99,82,82,82,82,82,82,82,82,82,82,82,82,0,0,0,0,0,0,0,0,0,0,0,0,0,98,98,98,98,98,98]|[(99,132),(82,48),(0,52),(98,24)]|[[67,71],[67,71],[67,71],[67,71],[67,68,71],[67,68,71],[67,68,71],[67,68,71],[65,67],[65,67],[65,67],[],[],[],[],[65,68,72]]|[32]|[[132, 48, 52, 24], [(16.15, 64), (34.92, 64), (-13.92, 48), (10.07, 64), (34.06, 16)], [(65, -2, 0), (99, -1, -23)], [0, 0, 1, 1, (1, 1)]]
[((0.67,0.95),256)]|[(g.minor,256)]|[98,98,98,98,98,98,98,98,98,98,98,98,98,98,98,98,98,98,98,98,98,98,98,98,98,98,98,98,98,98,98,98,98,98,98,98,98,98,98,98,98,98,98,72,72,72,72,72,72,72,72,72,72,72,72,72,72,72,72,72,72,0,0,0]|[(98,172),(72,72),(0,12)]|[[65,68,72],[65,68,72],[65,68,72],[65,68,72],[65,68,72],[],[],[],[],[62,65,67],[62,65,67],[62,65,67],[62,65,67],[62,65,67],[62,65,67],[]]|[96]|[[172, 72, 12], [(34.06, 80), (7.32, 64), (-19.42, 96), (-9.71, 16)], [(62, -3, -1), (98, -98, 37)], [0, 0, 1, 1, (0, 0)]]
[((0.67,0.95),256)]|[(g.minor,80),(a.minor,176)]|[0,0,0,60,60,69,69,69,72,69,69,69,69,69,72,72,72,72,72,72,72,72,72,53,53,53,53,53,53,53,53,53,53,53,53,53,74,74,74,74,74,74,74,74,74,74,74,74,74,74,74,74,0,0,0,0,0,69,0,0,0,0,0,0]|[(0,12),(60,8),(69,12),(72,4),(69,20),(72,36),(53,52),(74,64),(0,20),(69,4),(0,24)]|[[],[],[],[],[],[],[],[],[],[],[69],[],[],[],[],[29,41]]|[]|[[12, 8, 12, 4, 20, 36, 52, 64, 20, 4, 24], [(3.52, 160), (7.04, 16), (-5.65, 64), (-18.34, 16)], [(29, -40, 0), (74, 0, 52)], [0, 0, 0, 0, (0, 0)]]
[((0.67,0.95),256)]|[(a.minor,256)]|[0,0,0,0,0,84,84,87,0,0,0,0,88,88,88,88,88,88,88,88,88,88,88,88,88,88,88,88,88,88,88,88,88,88,88,88,88,0,0,0,0,0,0,0,0,0,0,0,0,0,0,0,0,0,0,0,0,0,0,0,0,0,0,0]|[(0,20),(84,8),(87,4),(0,16),(88,100),(0,108)]|[[29,41],[29,41],[29,41],[41],[41],[41],[41],[41],[41],[],[],[],[],[],[],[]]|[]|[[20, 8, 4, 16, 100, 108], [(-18.34, 48), (-9.36, 96), (-4.68, 112)], [(29, 12, 2), (88, 0, 38)], [0, 0, 1, 1, (1, 27)]]
[((0.67,0.95),256)]|[(C.major,80),(F.MAJOR,176)]|[0,0,0,0,0,0,0,0,0,0,0,0,0,0,0,0,0,0,0,0,0,90,90,90,90,90,90,90,90,90,90,101,101,101,101,101,101,101,101,101,101,101,101,101,101,101,101,101,101,101,101,101,101,101,103,103,103,103,103,103,103,103,103,103]|[(0,84),(90,40),(101,92),(103,40)]|[[],[],[],[],[],[],[],[],[],[],[],[],[89],[89],[],[]]|[]|[[84, 40, 92, 40], [(-2.94, 192), (-5.88, 32), (-2.94, 32)], [(89, 0, 0), (103, 103, 14)], [0, 0, 1, 1, (1, 1)]]
[((0.67,0.95),256)]|[(F.MAJOR,256)]|[103,103,103,103,103,101,101,101,101,101,101,101,101,101,101,101,101,101,101,101,101,101,101,101,101,101,101,101,101,101,101,101,101,101,101,101,101,101,101,101,101,101,101,101,101,101,101,101,101,101,101,101,101,101,101,101,101,101,101,101,101,101,101,101]|[(103,20),(101,236)]|[[],[],[56,60],[56,60],[56,60],[56,60],[56,60,63,65,89],[65,89],[65,89],[89],[63,99],[99],[99],[99],[],[]]|[176]|[[20, 236], [(14.285, 32), (28.57, 64), (53.87, 16), (-11.66, 32), (-5.88, 16), (-47.55, 16), (-27.6, 48), (-13.8, 32)], [(56, 43, -6), (103, -2, -1)], [0, 0, 1, 1, (1, 3)]]
[((0.67,0.95),256)]|[(F.MAJOR,256)]|[101,101,101,101,101,101,101,101,101,101,101,101,101,101,96,96,96,96,96,96,96,96,96,96,96,96,96,96,96,96,96,96,96,96,96,96,96,96,96,96,96,96,0,0,72,72,84,72,72,72,72,72,72,72,72,72,72,72,72,72,72,72,72,70]|[(101,56),(96,112),(0,8),(72,8),(84,4),(72,64),(70,4)]|[[56],[],[],[],[57,60,62,69,72],[57,60,62,69,72],[57,60,62,69,72],[57,60,62,69,72],[57,60,62,69,72],[57,60,62,69,72],[57,60,62,69,72],[57,60,62,65,69],[57,62,65,69,70],[57,62,65,69,70],[57,60,62,65,69],[57,60,62,65,69]]|[]|[[56, 112, 8, 8, 4, 64, 4], [(-24.63, 16), (2.91, 48), (30.45, 112), (31.37, 16), (49.41, 32), (31.37, 32)], [(56, 1, 0), (101, -31, 1)], [0, 0, 1, 1, (0, 0)]]
[((0.67,0.95),256)]|[(F.MAJOR,256)]|[70,70,70,70,70,0,0,0,70,74,74,74,77,74,74,74,77,74,74,74,74,74,74,74,74,74,74,74,74,74,74,77,81,74,74,81,84,84,81,84,89,89,89,89,89,89,89,89,89,89,89,89,89,89,89,89,89,89,89,89,89,89,89,89]|[(70,20),(0,12),(70,4),(74,12),(77,4),(74,12),(77,4),(74,56),(77,4),(81,4),(74,8),(81,4),(84,8),(81,4),(84,4),(89,96)]|[[62],[62],[62],[38,62,70,74],[38,62,70],[38,62,70],[67,70],[67,70],[38,70,77],[38,41,65,70,77],[29,38,41,65,70,77],[29,36,38,41,65,77],[29,36,38,41,65,77],[29,36,38,41,65,77],[29,38,41,65,77,86,89],[29,36,38,41,65,86]]|[]|[[20, 12, 4, 12, 4, 12, 4, 56, 4, 4, 8, 4, 8, 4, 4, 96], [(7.04, 48), (44.92, 16), (40.59, 32), (34.92, 32), (39.82, 16), (46.91, 16), (50.0, 16), (-32.28, 48), (-38.24, 16), (-33.18, 16)], [(29, -33, -3), (89, 19, -3)], [0, 0, 1, 1, (0, 0)]]
[((0.67,0.95),256)]|[(F.MAJOR,80),(C.major,176)]|[89,89,89,89,89,89,89,89,89,89,89,89,89,89,89,89,89,89,0,0,0,0,0,0,0,0,0,0,0,0,0,0,0,0,0,0,0,0,0,0,0,0,0,0,0,0,0,0,0,0,0,0,0,0,0,0,0,0,0,0,0,0,0,0]|[(89,72),(0,184)]|[[29,36,38,41,65,86],[36,38,41,65,86],[36,38,41,65,86],[36,38,41,65,86],[36,38,41,65],[],[],[],[],[],[],[],[],[],[],[]]|[64]|[[72, 184], [(-33.18, 16), (-28.57, 48), (-22.58, 16), (-11.29, 176)], [(29, 7, 2), (89, -89, -20)], [0, 0, 1, 1, (1, 1)]]
[((0.67,0.95),256)]|[(C.major,64),(g#.minor,80),(c.minor,112)]|[0,0,0,0,0,0,0,0,0,0,0,0,0,0,0,0,80,80,80,80,80,80,80,80,80,80,80,80,80,80,82,82,82,82,82,82,82,82,82,103,103,103,103,103,103,103,103,103,103,103,103,103,103,103,103,103,103,103,103,103,103,103,103,103]|[(0,64),(80,56),(82,36),(103,100)]|[[],[],[],[],[],[],[],[],[],[],[76,77,81],[76,77,81],[76,77,81],[76,77,81],[76,77,81],[76,77,81]]|[]|[[64, 56, 36, 100], [(11.805, 160), (23.61, 96)], [(76, 0, 0), (103, 103, 17)], [0, 0, 1, 1, (1, 2)]]
[((0.67,0.95),256)]|[(c.minor,80),(c#.minor,176)]|[103,103,103,103,103,103,103,103,103,103,103,103,103,104,104,104,104,104,104,104,104,104,104,104,104,104,104,104,104,104,104,104,104,104,104,104,104,104,104,104,104,104,104,104,104,104,104,104,104,104,104,104,104,104,104,104,104,104,104,104,104,104,104,104]|[(103,52),(104,204)]|[[76,77,81],[76,77,81],[77,79,81,85],[76,79,81,85],[79,82,85,97,99],[79,82,85,97,99],[79,80,82,85,92,97,99],[79,80,82,85,92,97,99],[79,80,82,85,92,97,99],[79,80,82,85,92,97,99],[79,80,82,85,92,97,99],[79,80,82,85,92,97,99],[79,80,82,85,92,97,99],[79,80,92,99],[76,80,92],[76,80]]|[]|[[52, 204], [(23.61, 32), (35.77, 16), (34.92, 16), (-63.28, 32), (-73.28, 112), (-55.38, 16), (-44.23, 16), (28.57, 16)], [(76, 0, 1), (104, 1, 0)], [0, 0, 1, 1, (0, 0)]]
[((0.67,0.95),256)]|[(c#.minor,128),(a.minor,128)]|[104,104,104,104,104,104,104,104,104,104,104,104,104,104,104,104,104,104,104,104,104,104,104,104,104,104,104,104,104,43,43,45,45,41,41,52,52,0,0,0,0,0,0,0,0,0,0,0,0,0,0,0,0,0,0,0,0,0,0,0,0,0,41,0]|[(104,116),(43,8),(45,8),(41,8),(52,8),(0,100),(41,4),(0,4)]|[[76,80],[76,80],[],[],[],[],[],[],[],[],[],[],[],[],[],[]]|[]|[[116, 8, 8, 8, 8, 100, 4, 4], [(28.57, 32), (14.285, 224)], [(76, 0, 0), (104, -104, 1)], [0, 0, 1, 1, (1, 3)]]
