[((0.75,0.57),256)]|[(f#.minor,64),(d.minor,160),(C.major,32)]|[90,90,90,90,90,90,90,90,90,90,90,90,90,86,86,86,86,86,86,86,86,86,86,86,86,86,86,86,86,86,86,86,86,86,86,86,86,86,86,86,86,86,86,86,86,86,86,86,86,86,86,86,86,0,0,0,0,0,0,0,0,0,0,0]|[(90,52),(86,160),(0,44)]|[[],[],[],[],[],[],[],[],[],[],[],[],[],[],[],[]]|[]|[[52, 160, 44], [[0, 256]], ((0, 0, 0), (90, -90, 27)), [0, 0, 0, 0, (0, 0)]]
[((0.75,0.57),256)]|[(a#.minor,96),(b.minor,80),(a.minor,80)]|[77,77,77,77,77,77,77,77,77,77,77,77,77,77,77,77,77,90,90,90,90,90,90,90,90,90,90,90,90,90,90,90,90,90,90,90,90,90,90,100,90,90,101,100,101,100,100,100,100,90,100,100,100,90,100,100,100,100,100,100,100,100,100,100]|[(77,68),(90,88),(100,4),(90,8),(101,4),(100,4),(101,4),(100,16),(90,4),(100,12),(90,4),(100,40)]|[[],[],[],[],[],[],[],[],[],[],[],[],[],[],[],[]]|[]|[[68, 88, 4, 8, 4, 4, 4, 16, 4, 12, 4, 40], [[0, 256]], ((0, 0, 0), (101, 23, 1)), [0, 0, 1, 0, (0, 0)]]
[((0.75,0.57),256)]|[(a.minor,96),(c#.minor,160)]|[100,100,100,100,100,100,100,100,100,100,100,0,0,0,0,0,0,89,89,0,0,100,89,65,100,0,100,100,68,68,68,68,68,68,68,68,68,68,68,68,68,68,68,68,68,68,68,68,68,68,68,68,68,68,68,68,68,68,68,68,68,68,68,68]|[(100,44),(0,24),(89,8),(0,8),(100,4),(89,4),(65,4),(100,4),(0,4),(100,8),(68,144)]|[[],[],[],[],[],[],[],[],[],[],[],[],[],[],[],[]]|[]|[[44, 24, 8, 8, 4, 4, 4, 4, 4, 8, 144], [[0, 256]], ((0, 0, 0), (100, -32, -18)), [0, 0, 1, 0, (0, 0)]]
[((0.75,0.57),256)]|[(D#.MAJOR,256)]|[74,74,74,74,74,74,74,74,74,0,0,0,0,0,0,0,0,0,0,0,72,74,74,74,74,74,90,90,90,90,90,90,99,99,99,99,99,99,99,99,99,99,99,99,99,99,99,99,99,99,99,99,99,99,99,99,99,99,99,99,99,99,99,99]|[(74,36),(0,44),(72,4),(74,20),(90,24),(99,128)]|[[],[],[],[],[],[58,67],[58,67],[58],[67,71],[67,71],[67,71],[67,71],[67,71],[67,71],[67,71],[67,71]]|[224]|[[36, 44, 4, 20, 24, 128], [(15.685, 80), (31.37, 32), (-27.6, 16), (16.15, 128)], [(58, 9, 2), (99, 25, -12)], [0, 0, 1, 0, (0, 0)]]
[((0.75,0.57),256)]|[(D#.MAJOR,160),(g.minor,96)]|[99,99,99,99,99,99,99,99,99,99,99,99,99,99,99,99,99,82,82,82,82,82,82,82,82,82,82,82,82,0,0,0,0,0,0,0,0,0,0,0,0,0,98,98,98,98,98,98,98,98,98,98,98,98,98,98,98,98,98,98,98,98,98,98]|[(99,68),(82,48),(0,52),(98,88)]|[[67,68,71],[67,68,71],[67,68,71],[67,68,71],[65,67],[65,67],[65,67],[],[],[],[],[65,68,72],[65,68,72],[65,68,72],[65,68,72],[65,68,72]]|[]|[[68, 48, 52, 88], [(34.92, 64), (-13.92, 48), (10.07, 64), (34.06, 80)], [(65, -2, -1), (99, -1, -24)], [0, 0, 1, 1, (1, 2)]]
[((0.75,0.57),256)]|[(g.minor,256)]|[98,98,98,98,98,98,98,98,98,98,98,98,98,98,98,98,98,98,98,98,98,98,98,98,98,98,98,72,72,72,72,72,72,72,72,72,72,72,72,72,72,72,72,72,72,0,0,0,0,0,0,60,60,69,69,69,72,69,69,69,69,69,72,72]|[(98,108),(72,72),(0,24),(60,8),(69,12),(72,4),(69,20),(72,8)]|[[65,68,72],[],[],[],[],[62,65,67],[62,65,67],[62,65,67],[62,65,67],[62,65,67],[62,65,67],[],[],[],[],[]]|[32]|[[108, 72, 24, 8, 12, 4, 20, 8], [(34.06, 16), (7.32, 64), (-19.42, 96), (-9.71, 80)], [(62, -3, -1), (98, -26, -10)], [0, 0, 1, 1, (1, 1)]]
[((0.75,0.57),256)]|[(g.minor,16),(a.minor,240)]|[72,72,72,72,72,72,72,53,53,53,53,53,53,53,53,53,53,53,53,53,74,74,74,74,74,74,74,74,74,74,74,74,74,74,74,74,0,0,0,0,0,69,0,0,0,0,0,0,0,0,0,0,0,84,84,87,0,0,0,0,88,88,88,88]|[(72,28),(53,52),(74,64),(0,20),(69,4),(0,44),(84,8),(87,4),(0,16),(88,16)]|[[],[],[],[],[],[],[69],[],[],[],[],[29,41],[29,41],[29,41],[29,41],[41]]|[]|[[28, 52, 64, 20, 4, 44, 8, 4, 16, 16], [(3.52, 96), (7.04, 16), (-5.65, 64), (-18.34, 64), (-9.36, 16)], [(29, -28, -18), (88, 16, -33)], [0, 0, 0, 0, (0, 0)]]
[((0.75,0.57),256)]|[(a.minor,256)]|[88,88,88,88,88,88,88,88,88,88,88,88,88,88,88,88,88,88,88,88,88,0,0,0,0,0,0,0,0,0,0,0,0,0,0,0,0,0,0,0,0,0,0,0,0,0,0,0,0,0,0,0,0,0,0,0,0,0,0,0,0,0,0,0]|[(88,84),(0,172)]|[[41],[41],[41],[41],[41],[],[],[],[],[],[],[],[],[],[],[]]|[]|[[84, 172], [(-9.36, 80), (-4.68, 176)], [(41, 0, 0), (88, -88, -16)], [0, 0, 1, 0, (0, 0)]]
[((0.75,0.57),256)]|[(C.major,16),(F.MAJOR,240)]|[0,0,0,0,0,90,90,90,90,90,90,90,90,90,90,101,101,101,101,101,101,101,101,101,101,101,101,101,101,101,101,101,101,101,101,101,101,101,103,103,103,103,103,103,103,103,103,103,103,103,103,103,103,101,101,101,101,101,101,101,101,101,101,101]|[(0,20),(90,40),(101,92),(103,60),(101,44)]|[[],[],[],[],[],[],[],[],[89],[89],[],[],[],[],[56,60],[56,60]]|[]|[[20, 40, 92, 60, 44], [(-2.94, 128), (-5.88, 32), (11.345, 64), (28.57, 32)], [(56, -33, 0), (103, 101, 41)], [0, 0, 1, 1, (0, 0)]]
[((0.75,0.57),256)]|[(F.MAJOR,256)]|[101,101,101,101,101,101,101,101,101,101,101,101,101,101,101,101,101,101,101,101,101,101,101,101,101,101,101,101,101,101,101,101,101,101,101,101,101,101,101,101,101,101,101,101,101,101,101,101,101,101,101,101,101,101,101,101,101,101,101,101,101,101,96,96]|[(101,248),(96,8)]|[[56,60],[56,60],[56,60,63,65,89],[65,89],[65,89],[89],[63,99],[99],[99],[99],[],[],[56],[],[],[]]|[112]|[[248, 8], [(28.57, 32), (53.87, 16), (-11.66, 32), (-5.88, 16), (-47.55, 16), (-27.6, 48), (-26.115000000000002, 32), (-24.63, 16), (-12.315, 48)], [(56, 0, 17), (101, -5, 2)], [0, 0, 1, 1, (1, 3)]]
[((0.75,0.57),256)]|[(F.MAJOR,256)]|[96,96,96,96,96,96,96,96,96,96,96,96,96,96,96,96,96,96,96,96,96,96,96,96,96,96,0,0,72,72,84,72,72,72,72,72,72,72,72,72,72,72,72,72,72,72,72,70,70,70,70,70,70,0,0,0,70,74,74,74,77,74,74,74]|[(96,104),(0,8),(72,8),(84,4),(72,64),(70,24),(0,12),(70,4),(74,12),(77,4),(74,12)]|[[57,60,62,69,72],[57,60,62,69,72],[57,60,62,69,72],[57,60,62,69,72],[57,60,62,69,72],[57,60,62,69,72],[57,60,62,69,72],[57,60,62,65,69],[57,62,65,69,70],[57,62,65,69,70],[57,60,62,65,69],[57,60,62,65,69],[62],[62],[62],[38,62,70,74]]|[]|[[104, 8, 8, 4, 64, 24, 12, 4, 12, 4, 12], [(30.45, 112), (31.37, 16), (49.41, 32), (31.37, 32), (7.04, 48), (44.92, 16)], [(38, -19, 9), (96, -22, -9)], [0, 0, 1, 1, (0, 0)]]
[((0.75,0.57),256)]|[(F.MAJOR,256)]|[77,74,74,74,74,74,74,74,74,74,74,74,74,74,74,77,81,74,74,81,84,84,81,84,89,89,89,89,89,89,89,89,89,89,89,89,89,89,89,89,89,89,89,89,89,89,89,89,89,89,89,89,89,89,89,89,89,89,89,89,89,89,89,89]|[(77,4),(74,56),(77,4),(81,4),(74,8),(81,4),(84,8),(81,4),(84,4),(89,160)]|[[38,62,70],[38,62,70],[67,70],[67,70],[38,70,77],[38,41,65,70,77],[29,38,41,65,70,77],[29,36,38,41,65,77],[29,36,38,41,65,77],[29,36,38,41,65,77],[29,38,41,65,77,86,89],[29,36,38,41,65,86],[29,36,38,41,65,86],[36,38,41,65,86],[36,38,41,65,86],[36,38,41,65,86]]|[256]|[[4, 56, 4, 4, 8, 4, 8, 4, 4, 160], [(40.59, 32), (34.92, 32), (39.82, 16), (46.91, 16), (50.0, 16), (-32.28, 48), (-38.24, 16), (-33.18, 32), (-28.57, 48)], [(29, -2, 0), (89, 12, 1)], [0, 0, 1, 1, (0, 0)]]
[((0.75,0.57),256)]|[(g#.minor,80),(c.minor,176)]|[80,80,80,80,80,80,80,80,80,80,80,80,80,80,82,82,82,82,82,82,82,82,82,103,103,103,103,103,103,103,103,103,103,103,103,103,103,103,103,103,103,103,103,103,103,103,103,103,103,103,103,103,103,103,103,103,103,103,103,103,103,104,104,104]|[(80,56),(82,36),(103,152),(104,12)]|[[],[],[],[],[],[],[76,77,81],[76,77,81],[76,77,81],[76,77,81],[76,77,81],[76,77,81],[76,77,81],[76,77,81],[77,79,81,85],[76,79,81,85]]|[]|[[56, 36, 152, 12], [(11.805, 96), (23.61, 128), (35.77, 16), (34.92, 16)], [(76, 0, 0), (104, 24, 3)], [0, 0, 1, 0, (0, 0)]]
[((0.75,0.57),256)]|[(c.minor,16),(c#.minor,240)]|[104,104,104,104,104,104,104,104,104,104,104,104,104,104,104,104,104,104,104,104,104,104,104,104,104,104,104,104,104,104,104,104,104,104,104,104,104,104,104,104,104,104,104,104,104,104,104,104,104,104,104,104,104,104,104,104,104,104,104,104,104,104,104,104]|[(104,256)]|[[79,82,85,97,99],[79,82,85,97,99],[79,80,82,85,92,97,99],[79,80,82,85,92,97,99],[79,80,82,85,92,97,99],[79,80,82,85,92,97,99],[79,80,82,85,92,97,99],[79,80,82,85,92,97,99],[79,80,82,85,92,97,99],[79,80,92,99],[76,80,92],[76,80],[76,80],[76,80],[],[]]|[]|[[256], [(-63.28, 32), (-73.28, 112), (-55.38, 16), (-44.23, 16), (28.57, 48), (14.285, 32)], [(76, -3, 0), (104, 0, 0)], [0, 0, 1, 1, (0, 0)]]
[((0.75,0.57),256)]|[(a#.minor,176),(f.minor,64),(c.minor,16)]|[0,0,0,0,0,0,0,0,0,0,0,0,0,0,0,0,0,0,0,0,0,0,0,0,0,0,0,0,0,0,0,0,0,77,77,77,77,70,70,70,70,0,100,101,101,101,101,101,101,101,101,101,101,101,101,101,101,103,103,103,103,103,103,103]|[(0,132),(77,16),(70,16),(0,4),(100,4),(101,56),(103,28)]|[[69,73],[73],[73],[73],[73],[73],[],[],[],[],[],[88],[73,88],[73,88],[73,77],[73,77]]|[32,208]|[[132, 16, 16, 4, 4, 56, 28], [(24.63, 16), (-18.34, 80), (-5.0649999999999995, 80), (8.21, 16), (25.63, 32), (26.62, 32)], [(69, 4, 3), (103, 103, -8)], [0, 0, 1, 1, (1, 26)]]
[((0.75,0.57),256)]|[(c.minor,224),(D#.MAJOR,32)]|[103,103,103,103,103,103,103,103,103,103,103,103,103,103,101,101,0,101,101,101,101,101,101,101,101,102,0,0,99,99,102,102,102,102,102,102,102,102,101,101,101,0,0,101,101,101,104,104,104,101,101,101,101,101,101,101,101,51,51,0,0,0,58,58]|[(103,56),(101,8),(0,4),(101,32),(102,4),(0,8),(99,8),(102,32),(101,12),(0,8),(101,12),(104,12),(101,32),(51,8),(0,12),(58,8)]|[[69,73,77],[51,56,73],[72,77,88,89],[72,77,89],[],[],[],[],[90],[],[],[63,65],[99,103],[96,99],[],[]]|[64,224]|[[56, 8, 4, 32, 4, 8, 8, 32, 12, 8, 12, 12, 32, 8, 12, 8], [(32.28, 16), (-51.72, 16), (-30.45, 16), (-23.61, 16), (-4.285, 64), (15.04, 16), (23.66, 32), (32.28, 16), (28.57, 16), (29.52, 16), (14.76, 32)], [(51, 27, -6), (104, -45, 5)], [0, 0, 1, 0, (0, 0)]]
