[((-0.12,-0.23),256)]|[(c.minor,256)]|[0,0,0,0,0,0,60,60,60,60,60,60,60,60,60,60,0,0,60,60,60,60,60,60,60,60,72,72,0,0,0,96,103,103,103,103,103,103,103,103,103,103,103,103,103,103,103,103,103,103,103,103,103,103,103,103,103,103,103,103,103,103,103,103]|[(0,24),(60,40),(0,8),(60,32),(72,8),(0,12),(96,4),(103,128)]|[[],[],[],[],[],[],[],[60],[60],[60],[],[],[],[],[],[]]|[]|[[24, 40, 8, 32, 8, 12, 4, 128], [(-2.94, 112), (-5.88, 48), (-2.94, 96)], [(60, 0, 0), (103, 103, 20)], [0, 0, 0, 0, (0, 0)]]
[((-0.12,-0.23),256)]|[(C.MAJOR,256)]|[0,0,96,0,0,0,0,99,99,99,101,101,101,101,101,101,101,101,101,101,101,0,0,0,0,0,0,0,0,0,0,0,0,0,0,0,0,81,81,81,0,0,0,0,0,0,0,67,67,67,0,0,0,0,0,0,81,81,0,0,0,0,0,0]|[(0,8),(96,4),(0,16),(99,12),(101,44),(0,64),(81,12),(0,28),(67,12),(0,24),(81,8),(0,24)]|[[],[95],[95],[],[],[],[],[],[],[],[],[],[],[],[69],[]]|[64]|[[8, 4, 16, 12, 44, 64, 12, 28, 12, 24, 8, 24], [(5.83, 16), (11.66, 32), (9.35, 176), (7.04, 16), (3.52, 16)], [(69, -26, 4), (101, 0, 32)], [0, 0, 0, 0, (0, 0)]]
[((-0.12,-0.23),256)]|[(C.MAJOR,256)]|[0,67,67,0,0,0,76,76,0,0,81,81,0,0,0,0,0,0,0,0,74,74,0,0,0,0,0,0,0,79,79,72,72,72,72,72,72,72,79,79,72,72,72,0,0,0,0,81,81,81,81,81,81,81,81,81,81,74,74,74,74,76,76,76]|[(0,4),(67,8),(0,12),(76,8),(0,8),(81,8),(0,32),(74,8),(0,28),(79,8),(72,28),(79,8),(72,12),(0,16),(81,40),(74,16),(76,12)]|[[55],[55],[],[],[],[],[],[],[],[],[],[],[50],[50],[],[]]|[48]|[[4, 8, 12, 8, 8, 8, 32, 8, 28, 8, 28, 8, 12, 16, 40, 16, 12], [(-4.71, 32), (0.585, 160), (5.88, 32), (2.94, 32)], [(50, -5, 0), (81, 76, 8)], [0, 0, 0, 0, (0, 0)]]
[((-0.12,-0.23),256)]|[(C.MAJOR,256)]|[76,76,76,76,74,0,0,0,0,0,74,81,81,81,81,81,81,81,81,81,81,81,76,76,76,76,76,76,76,76,76,76,76,76,76,79,79,79,79,79,76,76,76,76,77,77,77,77,77,77,77,76,76,76,74,74,74,74,74,64,60,60,60,60]|[(76,16),(74,4),(0,20),(74,4),(81,44),(76,52),(79,20),(76,16),(77,28),(76,12),(74,20),(64,4),(60,16)]|[[],[],[],[50,62,69],[50,62],[50],[50,72],[50],[48,52,55,60,64],[48,52,55,60,67],[48,52,55,60],[48,52,55,60,64],[48,52,55,60,64],[52,55],[52],[52]]|[224]|[[16, 4, 20, 4, 44, 52, 20, 16, 28, 12, 20, 4, 16], [(9.17, 48), (18.34, 16), (11.66, 16), (5.88, 16), (-11.66, 16), (5.88, 16), (30.45, 16), (-27.6, 16), (-23.61, 16), (30.45, 32), (12.79, 16), (8.21, 32)], [(48, 2, -2), (81, -16, 1)], [0, 0, 0, 0, (0, 0)]]
[((-0.12,-0.23),256)]|[(C.MAJOR,256)]|[60,60,60,60,76,76,76,76,76,76,76,76,76,91,91,60,60,60,60,60,60,0,91,91,91,91,91,91,0,0,0,0,64,64,0,0,0,0,0,0,0,62,62,0,0,64,64,62,62,62,62,62,62,62,62,62,62,62,62,62,62,64,43,43]|[(60,16),(76,36),(91,8),(60,24),(0,4),(91,24),(0,16),(64,8),(0,28),(62,8),(0,8),(64,8),(62,56),(64,4),(43,8)]|[[52],[],[],[],[74],[],[72,79],[72,79],[],[],[],[],[],[],[],[]]|[144]|[[16, 36, 8, 24, 4, 24, 16, 8, 28, 8, 8, 8, 56, 4, 8], [(8.21, 16), (7.045, 48), (5.88, 16), (-2.315, 16), (-10.51, 32), (-5.255, 128)], [(52, 20, 5), (91, -17, 1)], [0, 0, 0, 0, (0, 0)]]
[((-0.12,-0.23),256)]|[(C.MAJOR,256)]|[43,64,43,62,62,62,62,62,62,62,62,62,62,62,62,62,62,62,62,62,62,64,64,0,0,0,0,0,0,0,60,60,0,0,0,72,0,0,0,67,60,60,60,60,60,60,60,60,72,72,72,72,72,72,72,72,72,72,72,72,72,72,72,72]|[(43,4),(64,4),(43,4),(62,72),(64,8),(0,28),(60,8),(0,12),(72,4),(0,12),(67,4),(60,32),(72,64)]|[[],[],[],[],[48],[],[],[],[],[48],[48],[48],[48,52,55],[48,52,55],[48,52,55],[48,52,55]]|[96]|[[4, 4, 4, 72, 8, 28, 8, 12, 4, 12, 4, 32, 64], [(-2.94, 64), (-5.88, 128), (0.0, 64)], [(48, 0, 0), (72, 29, -7)], [0, 0, 1, 0, (0, 0)]]
[((-0.12,-0.23),256)]|[(C.MAJOR,256)]|[72,72,91,91,91,91,91,91,91,91,91,91,91,91,91,91,91,91,91,91,91,91,91,91,57,57,0,0,0,81,81,81,81,78,78,52,52,52,74,74,0,0,57,57,0,0,43,76,43,43,43,67,67,67,67,67,67,67,67,67,67,43,43,0]|[(72,8),(91,88),(57,8),(0,12),(81,16),(78,8),(52,12),(74,8),(0,8),(57,8),(0,8),(43,4),(76,4),(43,12),(67,40),(43,8),(0,4)]|[[48,52,55],[48,55,60],[48,55,60],[52,55],[52,55],[52],[],[],[50,69],[],[55],[],[67],[55],[],[]]|[64,192,240]|[[8, 88, 8, 12, 16, 8, 12, 8, 8, 8, 8, 4, 4, 12, 40, 8, 4], [(0.0, 16), (-16.15, 32), (12.79, 32), (8.21, 16), (10.5, 32), (12.79, 16), (4.039999999999999, 16), (-4.71, 64), (-2.355, 32)], [(48, 7, 1), (91, -72, 29)], [0, 0, 0, 0, (0, 0)]]
[((-0.12,-0.23),256)]|[(C.MAJOR,144),(C.major,112)]|[62,62,62,0,0,0,0,0,0,62,62,50,50,50,50,0,0,0,0,60,60,61,69,60,60,60,60,60,60,60,60,60,60,0,0,0,0,0,0,0,0,0,0,0,0,0,0,0,0,0,0,0,0,0,0,0,0,0,0,0,0,0,0,0]|[(62,12),(0,24),(62,8),(50,16),(0,16),(60,8),(61,4),(69,4),(60,40),(0,124)]|[[],[],[],[],[],[],[57],[57],[57],[57],[57],[57],[57],[57],[],[]]|[]|[[12, 24, 8, 16, 16, 8, 4, 4, 40, 124], [(3.52, 96), (7.04, 128), (3.52, 32)], [(57, 0, 0), (69, -62, -10)], [0, 0, 1, 1, (0, 0)]]
[((-0.12,-0.23),256)]|[(F#.MAJOR,256)]|[0,0,0,0,0,0,0,0,0,62,62,0,62,62,62,0,0,0,0,0,0,57,57,57,0,72,72,0,0,0,0,0,0,0,72,0,0,0,0,0,0,0,0,0,0,0,0,62,62,0,0,0,0,0,0,0,0,0,0,0,0,0,0,0]|[(0,36),(62,8),(0,4),(62,12),(0,24),(57,12),(0,4),(72,8),(0,28),(72,4),(0,48),(62,8),(0,60)]|[[],[],[],[],[],[],[],[43,55],[43,55],[55],[],[],[],[],[],[]]|[176]|[[36, 8, 4, 12, 24, 12, 4, 8, 28, 4, 48, 8, 60], [(-4.68, 112), (-9.36, 32), (-4.71, 16), (-2.355, 96)], [(43, 12, -2), (72, 0, 12)], [0, 0, 1, 1, (1, 5)]]
[((-0.12,-0.23),256)]|[(F#.MAJOR,80),(C.major,112),(G.MAJOR,64)]|[88,88,88,91,91,91,91,91,91,91,91,91,100,100,100,64,64,64,64,64,0,0,0,0,0,0,0,0,0,0,0,0,0,0,0,0,0,0,0,0,0,0,0,0,0,0,0,0,0,0,64,64,64,64,103,103,103,103,103,103,103,103,103,103]|[(88,12),(91,36),(100,12),(64,20),(0,120),(64,16),(103,40)]|[[],[],[],[52],[52],[],[],[],[],[],[],[],[],[],[62,93],[62]]|[]|[[12, 36, 12, 20, 120, 16, 40], [(4.105, 48), (8.21, 32), (-1.1499999999999995, 144), (-10.51, 16), (-4.71, 16)], [(52, 10, 0), (103, 15, -49)], [0, 0, 1, 1, (1, 3)]]
[((-0.12,-0.23),256)]|[(G.MAJOR,192),(g.minor,64)]|[103,103,103,103,103,103,103,103,74,74,74,74,74,74,74,93,74,74,74,74,74,74,74,74,103,103,103,103,103,88,88,88,88,103,103,103,103,103,103,103,103,103,103,103,103,103,103,103,103,103,103,103,103,103,103,103,103,103,103,103,103,103,103,103]|[(103,32),(74,28),(93,4),(74,32),(103,20),(88,16),(103,124)]|[[72],[62],[72],[72],[72],[72],[72],[],[91],[91],[91],[91],[60,91],[],[],[]]|[48]|[[32, 28, 4, 32, 20, 16, 124], [(-9.36, 16), (-4.71, 16), (-9.36, 80), (-7.619999999999999, 16), (-5.88, 64), (-10.51, 16), (-5.255, 48)], [(60, -12, 10), (103, 0, -8)], [0, 0, 1, 1, (1, 40)]]
[((-0.12,-0.23),256)]|[(g.minor,256)]|[103,103,103,103,103,103,103,103,103,103,103,103,103,103,103,103,103,103,81,81,81,103,103,103,103,103,103,103,103,103,103,103,103,103,103,103,103,103,103,103,103,103,103,103,103,103,103,103,103,103,103,103,103,103,103,103,103,103,103,103,103,103,103,103]|[(103,72),(81,12),(103,172)]|[[],[],[64],[52,55,60,64],[52,55,60],[91],[81,91],[81,91],[48,55,60,91],[48,55,60,91],[],[],[],[],[],[]]|[144]|[[72, 12, 172], [(4.105, 32), (8.21, 16), (25.63, 16), (0.0, 16), (-4.71, 16), (11.66, 32), (-20.48, 32), (-10.24, 96)], [(48, -16, 8), (103, 0, -2)], [0, 0, 1, 1, (1, 2)]]
[((-0.12,-0.23),256)]|[(g.minor,96),(C.MAJOR,160)]|[103,103,103,103,103,103,103,103,103,103,103,103,103,103,103,103,103,103,103,103,103,103,103,103,103,103,103,76,74,74,74,74,74,74,74,0,0,0,0,0,0,0,57,62,62,62,62,62,62,62,62,62,62,62,62,62,62,0,0,0,0,65,65,65]|[(103,108),(76,4),(74,28),(0,28),(57,4),(62,56),(0,16),(65,12)]|[[],[],[],[],[],[],[],[],[],[],[],[57],[57],[57],[57],[48,57,60,62]]|[]|[[108, 4, 28, 28, 4, 56, 16, 12], [(3.52, 176), (7.04, 64), (-23.61, 16)], [(48, -9, 2), (103, -38, -14)], [0, 0, 1, 1, (1, 4)]]
[((-0.12,-0.23),256)]|[(C.MAJOR,256)]|[0,0,0,0,0,60,72,0,0,70,70,70,70,70,72,72,72,72,72,72,72,72,76,76,72,72,72,72,72,72,72,72,72,72,72,72,72,72,72,103,96,96,96,96,96,96,96,96,0,0,0,0,0,0,0,0,0,0,0,0,0,0,0,0]|[(0,20),(60,4),(72,4),(0,8),(70,20),(72,32),(76,8),(72,60),(103,4),(96,32),(0,64)]|[[48],[48],[],[48,55,60,64],[48,55,60,64],[48,55,60,64],[48,55,60],[48,55,60],[48,55,60],[48,55,60],[48],[48],[55,57,91],[55,57,91],[55,57,60,72,79,91],[55,57,79,91]]|[48]|[[20, 4, 4, 8, 20, 32, 8, 60, 4, 32, 64], [(-5.88, 32), (-14.745, 16), (-23.61, 48), (-16.15, 64), (-5.88, 32), (0.0, 32), (-30.45, 16), (-20.48, 16)], [(48, 7, -2), (103, 0, 49)], [0, 0, 1, 1, (1, 17)]]
[((-0.12,-0.23),256)]|[(C.MAJOR,256)]|[0,0,0,0,0,0,0,0,0,0,74,74,74,74,74,74,74,74,76,76,76,76,76,76,76,76,76,76,76,67,0,64,64,64,0,74,74,74,74,62,62,62,62,0,0,0,52,57,62,79,79,79,79,79,79,79,79,79,79,79,79,79,79,79]|[(0,40),(74,32),(76,44),(67,4),(0,4),(64,12),(0,4),(74,16),(62,16),(0,12),(52,4),(57,4),(62,4),(79,60)]|[[55,57,79,91],[55,57,62,72,74,79,91],[],[43],[57],[43,55],[43,55],[43,55],[43],[43],[43],[],[55,60,64],[55,60,64,67],[55,60,64,67],[55,60,64]]|[48,80,192]|[[40, 32, 44, 4, 4, 12, 4, 16, 16, 12, 4, 4, 4, 60], [(-20.48, 16), (-34.92, 16), (-19.815, 16), (-4.71, 16), (7.04, 16), (-9.36, 48), (-4.71, 48), (-2.355, 16), (0.0, 16), (-22.58, 32), (0.0, 16)], [(43, 0, -6), (79, 79, 16)], [0, 0, 1, 1, (0, 0)]]
[((-0.12,-0.23),256)]|[(C.MAJOR,256)]|[79,79,79,79,79,79,79,79,79,79,79,79,79,79,79,79,79,79,79,67,67,67,67,67,67,67,67,67,67,67,67,67,67,67,67,0,62,62,62,62,62,62,62,62,62,62,62,62,62,62,62,69,62,62,62,62,62,62,67,69,69,69,69,69]|[(79,76),(67,64),(0,4),(62,60),(69,4),(62,24),(67,4),(69,20)]|[[55,60],[55,57],[55,57],[55,60],[55,60,64],[64],[],[],[],[],[],[],[],[],[],[43]]|[96]|[[76, 64, 4, 60, 4, 24, 4, 20], [(-10.51, 16), (11.66, 32), (-10.51, 16), (0.0, 16), (8.21, 16), (1.7500000000000004, 144), (-4.71, 16)], [(43, -12, 5), (79, -10, -6)], [0, 0, 1, 1, (1, 1)]]
[((-0.12,-0.23),256)]|[(C.MAJOR,16),(c.minor,96),(C.MAJOR,144)]|[69,69,67,67,67,67,67,67,67,67,67,67,67,67,67,67,67,67,67,67,67,67,67,67,67,67,67,67,67,64,64,64,64,64,64,64,67,67,67,67,67,67,67,67,67,67,67,69,67,67,67,67,67,67,67,72,67,67,72,72,72,67,67,67]|[(69,8),(67,108),(64,28),(67,44),(69,4),(67,28),(72,4),(67,8),(72,12),(67,12)]|[[43],[43],[43,55],[43,55],[43,55],[43,55],[43],[43],[43],[43,62],[43,62],[62],[57,62],[],[],[64,65]]|[32,192]|[[8, 108, 28, 44, 4, 28, 4, 8, 12, 12], [(-4.71, 32), (-9.36, 64), (-4.71, 48), (-10.51, 32), (5.88, 16), (12.79, 16), (-2.2300000000000004, 32), (-17.25, 16)], [(43, 21, -7), (72, -2, -1)], [0, 0, 0, 0, (0, 0)]]
[((-0.12,-0.23),256)]|[(C.MAJOR,256)]|[67,67,67,67,67,67,67,67,67,67,67,67,64,64,67,67,67,67,67,67,67,67,67,67,67,67,67,67,67,67,67,0,0,0,0,0,0,0,0,0,0,69,69,69,69,69,69,69,69,0,0,0,0,0,0,0,0,0,0,0,67,0,0,0]|[(67,48),(64,8),(67,68),(0,40),(69,32),(0,44),(67,4),(0,12)]|[[64,65],[64],[64,65],[],[],[],[],[],[],[],[],[],[],[],[],[]]|[]|[[48, 8, 68, 40, 32, 44, 4, 12], [(-17.25, 16), (8.21, 16), (-17.25, 16), (-8.625, 208)], [(64, 0, 0), (69, -67, 8)], [0, 0, 1, 1, (0, 0)]]
[((-0.12,-0.23),256)]|[(C.MAJOR,80),(g.minor,176)]|[0,0,0,0,67,67,0,0,0,0,65,0,0,0,0,64,0,0,0,0,0,67,0,0,0,67,0,67,67,67,55,67,67,67,67,67,67,67,67,67,67,67,67,67,67,67,67,67,67,67,67,67,67,67,67,67,67,67,67,67,67,67,70,70]|[(0,16),(67,8),(0,16),(65,4),(0,16),(64,4),(0,20),(67,4),(0,12),(67,4),(0,4),(67,12),(55,4),(67,124),(70,8)]|[[],[],[],[],[],[65],[],[],[],[55],[55],[55,64],[55,62],[64],[62,64],[65]]|[112]|[[16, 8, 16, 4, 16, 4, 20, 4, 12, 4, 4, 12, 4, 124, 8], [(-4.68, 80), (-9.36, 16), (-7.035, 48), (-4.71, 32), (12.79, 16), (-10.51, 16), (8.21, 16), (13.92, 16), (-9.36, 16)], [(55, 0, -6), (70, 70, 9)], [0, 0, 1, 1, (1, 5)]]
