[((0.89,-0.06),256)]|[(c.minor,256)]|[0,0,60,60,60,60,60,60,60,60,72,72,0,0,0,96,103,103,103,103,103,103,103,103,103,103,103,103,103,103,103,103,103,103,103,103,103,103,103,103,103,103,103,103,103,103,103,103,103,103,103,103,103,103,103,103,103,103,103,103,72,72,72,72]|[(0,8),(60,32),(72,8),(0,12),(96,4),(103,176),(72,16)]|[[],[],[],[60],[60],[60],[],[],[],[],[],[],[],[],[],[]]|[]|[[8, 32, 8, 12, 4, 176, 16], [(-2.94, 48), (-5.88, 48), (-2.94, 160)], [(60, 0, 0), (103, 72, 50)], [0, 0, 0, 0, (0, 0)]]
[((0.89,-0.06),256)]|[(C.MAJOR,256)]|[0,0,0,0,0,0,0,0,0,0,0,0,0,0,0,0,0,55,0,0,0,0,0,0,0,0,0,0,0,0,0,0,0,0,0,0,0,0,0,0,0,0,0,0,0,0,0,67,0,0,96,0,0,0,0,99,99,99,101,101,101,101,101,101]|[(0,68),(55,4),(0,116),(67,4),(0,8),(96,4),(0,16),(99,12),(101,24)]|[[],[],[],[],[],[],[],[],[],[],[],[],[],[95],[95],[]]|[256]|[[68, 4, 116, 4, 8, 4, 16, 12, 24], [(5.83, 208), (11.66, 32), (5.83, 16)], [(95, 0, 0), (101, 101, -33)], [0, 0, 1, 0, (0, 0)]]
[((0.89,-0.06),256)]|[(C.MAJOR,256)]|[101,101,101,101,101,0,0,0,0,0,0,0,0,0,0,0,0,0,0,0,0,81,81,81,0,0,0,0,0,0,0,67,67,67,0,0,0,0,0,0,81,81,0,0,0,0,0,0,0,67,67,0,0,0,76,76,0,0,81,81,0,0,0,0]|[(101,20),(0,64),(81,12),(0,28),(67,12),(0,24),(81,8),(0,28),(67,8),(0,12),(76,8),(0,8),(81,8),(0,16)]|[[],[],[],[],[],[],[],[],[],[],[69],[],[55],[55],[],[]]|[240]|[[20, 64, 12, 28, 12, 24, 8, 28, 8, 12, 8, 8, 8, 16], [(3.52, 160), (7.04, 16), (1.165, 16), (-4.71, 32), (-2.355, 32)], [(55, -14, -3), (101, -101, -27)], [0, 0, 0, 0, (0, 0)]]
[((0.89,-0.06),256)]|[(C.MAJOR,256)]|[0,0,0,0,74,74,0,0,0,0,0,0,0,79,79,72,72,72,72,72,72,72,79,79,72,72,72,0,0,0,0,81,81,81,81,81,81,81,81,81,81,74,74,74,74,76,76,76,76,76,76,76,74,0,0,0,0,0,74,81,81,81,81,81]|[(0,16),(74,8),(0,28),(79,8),(72,28),(79,8),(72,12),(0,16),(81,40),(74,16),(76,28),(74,4),(0,20),(74,4),(81,20)]|[[],[],[],[],[],[],[],[],[50],[50],[],[],[],[],[],[50,62,69]]|[]|[[16, 8, 28, 8, 28, 8, 12, 16, 40, 16, 28, 4, 20, 4, 20], [(2.94, 128), (5.88, 32), (12.11, 80), (18.34, 16)], [(50, 0, 0), (81, 81, 12)], [0, 0, 0, 0, (0, 0)]]
[((0.89,-0.06),256)]|[(C.MAJOR,256)]|[81,81,81,81,81,81,76,76,76,76,76,76,76,76,76,76,76,76,76,79,79,79,79,79,76,76,76,76,77,77,77,77,77,77,77,76,76,76,74,74,74,74,74,64,60,60,60,60,60,60,60,60,76,76,76,76,76,76,76,76,76,91,91,60]|[(81,24),(76,52),(79,20),(76,16),(77,28),(76,12),(74,20),(64,4),(60,32),(76,36),(91,8),(60,4)]|[[50,62],[50],[50,72],[50],[48,52,55,60,64],[48,52,55,60,67],[48,52,55,60],[48,52,55,60,64],[48,52,55,60,64],[52,55],[52],[52],[52],[],[],[]]|[160]|[[24, 52, 20, 16, 28, 12, 20, 4, 32, 36, 8, 4], [(11.66, 16), (5.88, 16), (-11.66, 16), (5.88, 16), (30.45, 16), (-27.6, 16), (-23.61, 16), (30.45, 32), (12.79, 16), (8.21, 48), (4.105, 48)], [(48, 2, -2), (91, -21, 4)], [0, 0, 0, 0, (0, 0)]]
[((0.89,-0.06),256)]|[(C.MAJOR,256)]|[60,60,60,60,60,0,91,91,91,91,91,91,0,0,0,0,64,64,0,0,0,0,0,0,0,62,62,0,0,64,64,62,62,62,62,62,62,62,62,62,62,62,62,62,62,64,43,43,43,64,43,62,62,62,62,62,62,62,62,62,62,62,62,62]|[(60,20),(0,4),(91,24),(0,16),(64,8),(0,28),(62,8),(0,8),(64,8),(62,56),(64,4),(43,12),(64,4),(43,4),(62,52)]|[[74],[],[72,79],[72,79],[],[],[],[],[],[],[],[],[],[],[],[]]|[80]|[[20, 4, 24, 16, 8, 28, 8, 8, 8, 56, 4, 12, 4, 4, 52], [(5.88, 16), (-2.315, 16), (-10.51, 32), (-5.255, 192)], [(72, -2, -1), (91, 2, -11)], [0, 0, 0, 0, (0, 0)]]
[((0.89,-0.06),256)]|[(C.MAJOR,256)]|[62,62,62,62,62,64,64,0,0,0,0,0,0,0,60,60,0,0,0,72,0,0,0,67,60,60,60,60,60,60,60,60,72,72,72,72,72,72,72,72,72,72,72,72,72,72,72,72,72,72,91,91,91,91,91,91,91,91,91,91,91,91,91,91]|[(62,20),(64,8),(0,28),(60,8),(0,12),(72,4),(0,12),(67,4),(60,32),(72,72),(91,56)]|[[48],[],[],[],[],[48],[48],[48],[48,52,55],[48,52,55],[48,52,55],[48,52,55],[48,52,55],[48,55,60],[48,55,60],[52,55]]|[32,256]|[[20, 8, 28, 8, 12, 4, 12, 4, 32, 72, 56], [(-5.88, 128), (0.0, 80), (-16.15, 32), (12.79, 16)], [(48, 4, -2), (91, 29, -18)], [0, 0, 1, 1, (0, 0)]]
[((0.89,-0.06),256)]|[(C.MAJOR,256)]|[91,91,91,91,91,91,91,91,57,57,0,0,0,81,81,81,81,78,78,52,52,52,74,74,0,0,57,57,0,0,43,76,43,43,43,67,67,67,67,67,67,67,67,67,67,43,43,0,62,62,62,0,0,0,0,0,0,62,62,50,50,50,50,0]|[(91,32),(57,8),(0,12),(81,16),(78,8),(52,12),(74,8),(0,8),(57,8),(0,8),(43,4),(76,4),(43,12),(67,40),(43,8),(0,4),(62,12),(0,24),(62,8),(50,16),(0,4)]|[[52,55],[52],[],[],[50,69],[],[55],[],[67],[55],[],[],[],[],[],[]]|[128,176]|[[32, 8, 12, 16, 8, 12, 8, 8, 8, 8, 4, 4, 12, 40, 8, 4, 12, 24, 8, 16, 4], [(12.79, 16), (8.21, 16), (10.5, 32), (12.79, 16), (4.039999999999999, 16), (-4.71, 64), (-2.355, 96)], [(50, 3, 1), (91, -91, 5)], [0, 0, 0, 0, (0, 0)]]
[((0.89,-0.06),256)]|[(C.MAJOR,80),(C.major,112),(F#.MAJOR,64)]|[0,0,0,60,60,61,69,60,60,60,60,60,60,60,60,60,60,0,0,0,0,0,0,0,0,0,0,0,0,0,0,0,0,0,0,0,0,0,0,0,0,0,0,0,0,0,0,0,59,0,0,0,0,0,0,59,0,58,62,0,0,62,62,62]|[(0,12),(60,8),(61,4),(69,4),(60,40),(0,124),(59,4),(0,24),(59,4),(0,4),(58,4),(62,4),(0,8),(62,12)]|[[],[],[57],[57],[57],[57],[57],[57],[57],[57],[],[],[],[],[],[]]|[]|[[12, 8, 4, 4, 40, 124, 4, 24, 4, 4, 4, 4, 8, 12], [(3.52, 32), (7.04, 128), (3.52, 96)], [(57, 0, 0), (69, 62, -12)], [0, 0, 1, 1, (1, 29)]]
[((0.89,-0.06),256)]|[(F#.MAJOR,256)]|[0,0,0,0,0,57,57,57,0,72,72,0,0,0,0,0,0,0,72,0,0,0,0,0,0,0,0,0,0,0,0,62,62,0,0,0,0,0,0,0,0,0,0,0,0,0,0,0,0,0,0,0,0,0,0,0,60,57,57,57,69,69,0,0]|[(0,20),(57,12),(0,4),(72,8),(0,28),(72,4),(0,48),(62,8),(0,92),(60,4),(57,12),(69,8),(0,8)]|[[],[],[],[43,55],[43,55],[55],[],[],[],[],[],[],[],[],[],[]]|[112]|[[20, 12, 4, 8, 28, 4, 48, 8, 92, 4, 12, 8, 8], [(-4.68, 48), (-9.36, 32), (-4.71, 16), (-2.355, 160)], [(43, 12, -2), (72, 0, 13)], [0, 0, 1, 1, (1, 5)]]
[((0.89,-0.06),256)]|[(F#.MAJOR,16),(C.major,112),(G.MAJOR,128)]|[64,64,64,64,0,0,0,0,0,0,0,0,0,0,0,0,0,0,0,0,0,0,0,0,0,0,0,0,0,0,0,0,0,0,64,64,64,64,103,103,103,103,103,103,103,103,103,103,103,103,103,103,103,103,103,103,74,74,74,74,74,74,74,93]|[(64,16),(0,120),(64,16),(103,72),(74,28),(93,4)]|[[52],[],[],[],[],[],[],[],[],[],[62,93],[62],[72],[62],[72],[72]]|[208,240]|[[16, 120, 16, 72, 28, 4], [(8.21, 16), (-1.1499999999999995, 144), (-10.51, 16), (-4.71, 16), (-9.36, 16), (-4.71, 16), (-9.36, 32)], [(52, 20, 2), (103, 29, -32)], [0, 0, 1, 1, (1, 3)]]
[((0.89,-0.06),256)]|[(G.MAJOR,128),(g.minor,128)]|[74,74,74,74,74,74,74,74,103,103,103,103,103,88,88,88,88,103,103,103,103,103,103,103,103,103,103,103,103,103,103,103,103,103,103,103,103,103,103,103,103,103,103,103,103,103,103,103,103,103,103,103,103,103,103,103,103,103,103,103,103,103,103,103]|[(74,32),(103,20),(88,16),(103,188)]|[[72],[72],[72],[],[91],[91],[91],[91],[60,91],[],[],[],[],[],[64],[52,55,60,64]]|[]|[[32, 20, 16, 188], [(-9.36, 48), (-7.619999999999999, 16), (-5.88, 64), (-10.51, 16), (-1.1499999999999995, 80), (8.21, 16), (25.63, 16)], [(52, -20, 13), (103, 29, 9)], [0, 0, 1, 1, (1, 44)]]
[((0.89,-0.06),256)]|[(g.minor,256)]|[103,103,81,81,81,103,103,103,103,103,103,103,103,103,103,103,103,103,103,103,103,103,103,103,103,103,103,103,103,103,103,103,103,103,103,103,103,103,103,103,103,103,103,103,103,103,103,103,103,103,103,103,103,103,103,103,103,103,103,103,103,103,103,103]|[(103,8),(81,12),(103,236)]|[[52,55,60],[91],[81,91],[81,91],[48,55,60,91],[48,55,60,91],[],[],[],[],[],[],[],[],[],[]]|[80]|[[8, 12, 236], [(0.0, 16), (-4.71, 16), (11.66, 32), (-20.48, 32), (-10.24, 160)], [(48, -4, 16), (103, 0, -2)], [0, 0, 1, 1, (1, 4)]]
[((0.89,-0.06),256)]|[(g.minor,32),(C.MAJOR,224)]|[103,103,103,103,103,103,103,103,103,103,103,76,74,74,74,74,74,74,74,0,0,0,0,0,0,0,57,62,62,62,62,62,62,62,62,62,62,62,62,62,62,0,0,0,0,65,65,65,0,0,0,0,0,60,72,0,0,70,70,70,70,70,72,72]|[(103,44),(76,4),(74,28),(0,28),(57,4),(62,56),(0,16),(65,12),(0,20),(60,4),(72,4),(0,8),(70,20),(72,8)]|[[],[],[],[],[],[],[],[57],[57],[57],[57],[48,57,60,62],[48],[48],[],[48,55,60,64]]|[240]|[[44, 4, 28, 28, 4, 56, 16, 12, 20, 4, 4, 8, 20, 8], [(3.52, 112), (7.04, 64), (-23.61, 16), (-5.88, 32), (-14.745, 16), (-23.61, 16)], [(48, -9, 0), (103, -31, -34)], [0, 0, 0, 0, (0, 0)]]
[((0.89,-0.06),256)]|[(C.MAJOR,256)]|[72,72,72,72,72,72,76,76,72,72,72,72,72,72,72,72,72,72,72,72,72,72,72,103,96,96,96,96,96,96,96,96,0,0,0,0,0,0,0,0,0,0,0,0,0,0,0,0,0,0,0,0,0,0,0,0,0,0,74,74,74,74,74,74]|[(72,24),(76,8),(72,60),(103,4),(96,32),(0,104),(74,24)]|[[48,55,60,64],[48,55,60,64],[48,55,60],[48,55,60],[48,55,60],[48,55,60],[48],[48],[55,57,91],[55,57,91],[55,57,60,72,79,91],[55,57,79,91],[55,57,79,91],[55,57,62,72,74,79,91],[],[43]]|[240]|[[24, 8, 60, 4, 32, 104, 24], [(-23.61, 32), (-16.15, 64), (-5.88, 32), (0.0, 32), (-30.45, 16), (-20.48, 32), (-34.92, 16), (-19.815, 16), (-4.71, 16)], [(43, -5, 5), (103, 2, -27)], [0, 0, 1, 1, (1, 17)]]
[((0.89,-0.06),256)]|[(C.MAJOR,256)]|[74,74,76,76,76,76,76,76,76,76,76,76,76,67,0,64,64,64,0,74,74,74,74,62,62,62,62,0,0,0,52,57,62,79,79,79,79,79,79,79,79,79,79,79,79,79,79,79,79,79,79,79,79,79,79,79,79,79,79,79,79,79,79,79]|[(74,8),(76,44),(67,4),(0,4),(64,12),(0,4),(74,16),(62,16),(0,12),(52,4),(57,4),(62,4),(79,124)]|[[57],[43,55],[43,55],[43,55],[43],[43],[43],[],[55,60,64],[55,60,64,67],[55,60,64,67],[55,60,64],[55,60],[55,57],[55,57],[55,60]]|[128]|[[8, 44, 4, 4, 12, 4, 16, 16, 12, 4, 4, 4, 124], [(7.04, 16), (-9.36, 48), (-4.71, 48), (-2.355, 16), (0.0, 16), (-22.58, 32), (0.0, 16), (-10.51, 16), (11.66, 32), (-10.51, 16)], [(43, -2, -6), (79, 5, -8)], [0, 0, 1, 1, (0, 0)]]
[((0.89,-0.06),256)]|[(C.MAJOR,208),(c.minor,48)]|[79,79,79,67,67,67,67,67,67,67,67,67,67,67,67,67,67,67,67,0,62,62,62,62,62,62,62,62,62,62,62,62,62,62,62,69,62,62,62,62,62,62,67,69,69,69,69,69,69,69,67,67,67,67,67,67,67,67,67,67,67,67,67,67]|[(79,12),(67,64),(0,4),(62,60),(69,4),(62,24),(67,4),(69,28),(67,56)]|[[55,60,64],[64],[],[],[],[],[],[],[],[],[],[43],[43],[43],[43,55],[43,55]]|[32,224]|[[12, 64, 4, 60, 4, 24, 4, 28, 56], [(0.0, 16), (8.21, 16), (1.7500000000000004, 144), (-4.71, 48), (-9.36, 32)], [(43, -12, -2), (79, -12, -8)], [0, 0, 0, 0, (0, 0)]]
[((0.89,-0.06),256)]|[(c.minor,48),(C.MAJOR,208)]|[67,67,67,67,67,67,67,67,67,67,67,67,67,64,64,64,64,64,64,64,67,67,67,67,67,67,67,67,67,67,67,69,67,67,67,67,67,67,67,72,67,67,72,72,72,67,67,67,67,67,67,67,67,67,67,67,67,67,67,67,64,64,67,67]|[(67,52),(64,28),(67,44),(69,4),(67,28),(72,4),(67,8),(72,12),(67,60),(64,8),(67,8)]|[[43,55],[43,55],[43],[43],[43],[43,62],[43,62],[62],[57,62],[],[],[64,65],[64,65],[64],[64,65],[]]|[128]|[[52, 28, 44, 4, 28, 4, 8, 12, 60, 8, 8], [(-9.36, 32), (-4.71, 48), (-10.51, 32), (5.88, 16), (12.79, 16), (-2.2300000000000004, 32), (-17.25, 32), (8.21, 16), (-17.25, 16), (-8.625, 16)], [(43, 21, -2), (72, 0, -1)], [0, 0, 0, 0, (0, 0)]]
[((0.89,-0.06),256)]|[(C.MAJOR,16),(g.minor,176),(C.major,64)]|[0,0,0,0,0,67,0,0,0,67,0,67,67,67,55,67,67,67,67,67,67,67,67,67,67,67,67,67,67,67,67,67,67,67,67,67,67,67,67,67,67,67,67,67,67,67,70,70,0,0,0,0,0,0,0,0,0,0,0,0,0,0,0,0]|[(0,20),(67,4),(0,12),(67,4),(0,4),(67,12),(55,4),(67,124),(70,8),(0,64)]|[[],[65],[],[],[],[55],[55],[55,64],[55,62],[64],[62,64],[65],[],[],[],[]]|[48,208]|[[20, 4, 12, 4, 4, 12, 4, 124, 8, 64], [(-4.68, 16), (-9.36, 16), (-7.035, 48), (-4.71, 32), (12.79, 16), (-10.51, 16), (8.21, 16), (13.92, 16), (-9.36, 16), (-4.68, 64)], [(55, 0, -6), (70, 0, 40)], [0, 0, 1, 1, (1, 17)]]
[((0.89,-0.06),256)]|[(g.minor,16),(C.major,64),(F#.MAJOR,176)]|[72,72,0,0,0,0,0,0,0,0,0,0,0,0,0,0,0,0,0,0,0,0,55,55,55,55,55,55,55,55,55,55,60,60,60,60,55,55,55,55,55,55,55,55,55,55,55,55,55,55,60,60,60,60,60,60,60,64,64,64,64,64,64,74]|[(72,8),(0,80),(55,40),(60,16),(55,56),(60,28),(64,24),(74,4)]|[[],[],[],[],[],[],[52],[52],[48],[48],[48],[48],[48],[],[57],[57]]|[]|[[8, 80, 40, 16, 56, 28, 24, 4], [(4.105, 96), (8.21, 32), (-5.88, 80), (0.5800000000000001, 16), (7.04, 32)], [(48, 5, -4), (74, 2, -33)], [0, 0, 1, 0, (0, 0)]]
[((0.89,-0.06),256)]|[(F#.MAJOR,256)]|[74,74,74,74,74,74,62,62,62,62,62,62,67,67,67,67,67,67,67,67,67,67,67,67,67,67,67,67,67,67,67,64,64,64,60,0,60,64,64,60,65,60,60,93,93,93,93,93,93,93,93,93,69,69,0,57,69,64,52,52,52,52,64,64]|[(74,24),(62,24),(67,76),(64,12),(60,4),(0,4),(60,4),(64,8),(60,4),(65,4),(60,8),(93,36),(69,8),(0,4),(57,4),(69,4),(64,4),(52,16),(64,8)]|[[57],[38,57],[],[52,64],[55,64],[52,55],[52,55,64],[55],[57],[],[],[57,60],[57],[55,57],[],[]]|[48,96,144,240]|[[24, 24, 76, 12, 4, 4, 4, 8, 4, 4, 8, 36, 8, 4, 4, 4, 4, 16, 8], [(7.04, 16), (12.79, 16), (14.469999999999999, 16), (16.15, 16), (12.79, 32), (20.48, 16), (-4.71, 16), (7.04, 16), (-2.8749999999999996, 32), (-12.79, 16), (7.04, 16), (11.66, 16), (5.83, 32)], [(38, -2, -3), (93, -10, -3)], [0, 0, 1, 1, (1, 8)]]
[((0.89,-0.06),256)]|[(F#.MAJOR,256)]|[64,69,69,69,92,92,92,92,92,0,64,64,0,69,64,0,67,67,67,67,67,0,69,69,69,69,67,67,0,64,64,0,67,67,67,67,0,64,64,64,0,0,0,0,0,0,0,0,0,0,92,0,0,74,74,74,74,74,74,74,74,74,74,74]|[(64,4),(69,12),(92,20),(0,4),(64,8),(0,4),(69,4),(64,4),(0,4),(67,20),(0,4),(69,16),(67,8),(0,4),(64,8),(0,4),(67,16),(0,4),(64,12),(0,40),(92,4),(0,8),(74,44)]|[[],[57,62],[],[],[],[57,64],[],[62],[],[],[],[],[],[],[55],[55]]|[144]|[[4, 12, 20, 4, 8, 4, 4, 4, 4, 20, 4, 16, 8, 4, 8, 4, 16, 4, 12, 40, 4, 8, 44], [(6.395, 16), (12.79, 16), (13.915, 48), (15.04, 16), (10.459999999999999, 16), (5.88, 16), (0.585, 96), (-4.71, 32)], [(55, -2, 1), (92, 10, -19)], [0, 0, 0, 0, (0, 0)]]
[((0.89,-0.06),256)]|[(F#.MAJOR,256)]|[74,74,74,74,76,76,76,76,76,76,76,76,76,76,76,76,76,76,76,76,76,76,76,76,76,76,76,76,76,76,76,76,76,76,76,76,76,76,76,55,55,72,72,72,72,72,72,72,72,72,72,72,72,72,72,72,72,72,72,72,74,74,74,76]|[(74,16),(76,140),(55,8),(72,76),(74,12),(76,4)]|[[55],[],[],[],[50],[50,72],[50,72],[50,60],[50,60],[50,60],[50],[50,60],[50,60],[50,60],[50,60],[60]]|[32,256]|[[16, 140, 8, 76, 12, 4], [(-4.71, 16), (0.585, 48), (5.88, 16), (-11.66, 80), (5.88, 16), (-11.66, 64), (-5.88, 16)], [(50, 5, -7), (76, 2, -2)], [0, 0, 1, 0, (0, 0)]]
[((0.89,-0.06),256)]|[(F#.MAJOR,256)]|[74,74,74,74,74,74,74,74,74,74,74,74,74,74,74,74,74,74,74,74,74,74,74,74,81,74,74,74,74,74,74,67,0,67,67,67,65,0,57,60,60,60,64,64,60,67,0,0,93,93,93,65,65,0,69,69,69,67,67,57,64,67,67,67]|[(74,96),(81,4),(74,24),(67,4),(0,4),(67,12),(65,4),(0,4),(57,4),(60,12),(64,8),(60,4),(67,4),(0,8),(93,12),(65,8),(0,4),(69,12),(67,8),(57,4),(64,4),(67,12)]|[[60],[60],[60],[60],[60],[60,64],[55,60,64],[55,64],[],[],[],[],[],[],[],[57]]|[144]|[[96, 4, 24, 4, 4, 12, 4, 4, 4, 12, 8, 4, 4, 8, 12, 8, 4, 12, 8, 4, 4, 12], [(-5.88, 80), (13.92, 16), (0.0, 16), (12.79, 16), (9.915, 112), (7.04, 16)], [(55, -3, 0), (93, -7, -5)], [0, 0, 1, 0, (0, 0)]]
[((0.89,-0.06),256)]|[(F#.MAJOR,256)]|[64,84,84,69,0,0,69,62,62,69,69,65,48,48,48,65,0,0,67,0,0,67,67,64,57,57,57,69,69,0,67,67,67,64,64,0,67,67,0,67,67,67,67,67,67,43,43,43,43,0,0,0,0,0,0,0,0,0,0,0,0,62,62,0]|[(64,4),(84,8),(69,4),(0,8),(69,4),(62,8),(69,8),(65,4),(48,12),(65,4),(0,8),(67,4),(0,8),(67,8),(64,4),(57,12),(69,8),(0,4),(67,12),(64,8),(0,4),(67,8),(0,4),(67,24),(43,16),(0,48),(62,8),(0,4)]|[[52],[],[57],[],[],[],[],[],[],[55],[],[],[],[],[],[]]|[176]|[[4, 8, 4, 8, 4, 8, 8, 4, 12, 4, 8, 4, 8, 8, 4, 12, 8, 4, 12, 8, 4, 8, 4, 24, 16, 48, 8, 4], [(8.21, 16), (7.625, 16), (7.04, 16), (1.165, 96), (-4.71, 16), (-2.355, 96)], [(52, 3, 1), (84, -64, 9)], [0, 0, 0, 0, (0, 0)]]
[((0.89,-0.06),256)]|[(F#.MAJOR,256)]|[0,0,0,0,0,0,0,0,0,0,0,0,60,60,48,48,48,48,57,57,57,74,74,0,0,0,0,0,0,0,0,0,0,0,0,76,76,76,76,76,76,76,76,76,76,60,60,60,60,60,60,60,60,60,60,60,60,60,60,60,60,60,60,60]|[(0,48),(60,8),(48,16),(57,12),(74,8),(0,48),(76,40),(60,76)]|[[],[],[],[],[],[],[],[],[],[52],[52],[48,52,57],[48,52,57],[48,52,57],[48,52,57],[48,52,57]]|[]|[[48, 8, 16, 12, 8, 48, 40, 76], [(4.105, 144), (8.21, 32), (20.48, 80)], [(48, -4, -1), (76, 60, 9)], [0, 0, 1, 1, (0, 0)]]
[((0.89,-0.06),256)]|[(F#.MAJOR,256)]|[60,60,60,60,60,64,0,0,0,0,0,0,0,0,74,74,74,74,74,74,74,74,74,74,74,69,69,69,69,69,69,69,69,67,67,67,69,69,69,69,69,69,69,65,64,64,57,60,60,83,0,60,65,60,60,93,93,93,93,93,93,93,93,93]|[(60,20),(64,4),(0,32),(74,44),(69,32),(67,12),(69,28),(65,4),(64,8),(57,4),(60,8),(83,4),(0,4),(60,4),(65,4),(60,8),(93,36)]|[[48,52,55,57],[57],[],[],[38,50,57,62],[38,50,57,62],[38,50,52,57,62],[38,50,55,57],[38,50,55,57],[64,65],[],[57],[57,64],[],[],[]]|[160]|[[20, 4, 32, 44, 32, 12, 28, 4, 8, 4, 8, 4, 4, 4, 4, 8, 36], [(24.63, 16), (7.04, 16), (15.325, 32), (23.61, 32), (30.45, 16), (22.58, 32), (-17.25, 16), (-5.105, 16), (7.04, 16), (15.04, 16), (7.52, 48)], [(38, 9, -6), (93, 33, -15)], [0, 0, 0, 0, (0, 0)]]
[((0.89,-0.06),256)]|[(F#.MAJOR,256)]|[93,93,93,67,67,67,64,57,57,64,64,64,69,69,62,62,93,93,96,96,0,88,88,0,65,65,48,0,65,67,57,57,57,60,65,0,62,67,62,64,93,93,93,93,93,93,93,64,64,76,76,55,55,55,55,55,55,55,76,76,55,55,55,55]|[(93,12),(67,12),(64,4),(57,8),(64,12),(69,8),(62,8),(93,8),(96,8),(0,4),(88,8),(0,4),(65,8),(48,4),(0,4),(65,4),(67,4),(57,12),(60,4),(65,4),(0,4),(62,4),(67,4),(62,4),(64,4),(93,28),(64,8),(76,8),(55,28),(76,8),(55,16)]|[[],[],[52],[50,62],[50,62],[48],[],[],[],[],[],[],[],[],[],[]]|[96]|[[12, 12, 4, 8, 12, 8, 8, 8, 8, 4, 8, 4, 8, 4, 4, 4, 4, 12, 4, 4, 4, 4, 4, 4, 4, 28, 8, 8, 28, 8, 16], [(4.105, 32), (8.21, 16), (11.66, 32), (-5.88, 16), (-2.94, 160)], [(48, -4, 0), (96, -38, -9)], [0, 0, 0, 0, (0, 0)]]
[((0.89,-0.06),256)]|[(F#.MAJOR,16),(e.minor,96),(A.MAJOR,144)]|[74,74,74,76,76,76,76,76,76,76,76,76,76,76,76,76,76,76,76,76,76,78,78,78,78,78,78,78,78,78,78,78,78,78,78,78,78,76,76,76,76,76,76,76,76,76,76,76,76,76,76,76,76,76,76,72,72,72,76,76,76,76,76,76]|[(74,12),(76,72),(78,64),(76,72),(72,12),(76,24)]|[[55,67],[55,67],[55,67],[55,67],[55],[55],[50,55,60,72],[50,55,60,72],[50,55,60,72],[50],[60,64],[50,60],[50],[50,60],[50,60],[60,64]]|[128]|[[12, 72, 64, 72, 12, 24], [(-9.36, 64), (-4.71, 32), (-21.54, 16), (-45.59, 32), (-9.36, 16), (-20.48, 16), (-24.63, 16), (-9.36, 16), (-24.63, 32), (-20.48, 16)], [(50, 5, -5), (78, 2, 1)], [0, 0, 1, 1, (1, 24)]]
[((0.89,-0.06),256)]|[(A.MAJOR,256)]|[76,76,76,76,76,76,76,76,76,76,76,76,76,76,76,76,78,76,76,76,74,74,74,74,74,74,74,74,74,74,74,74,74,74,74,93,93,93,93,93,93,93,64,0,67,67,0,69,69,57,60,60,60,64,0,0,65,0,0,0,0,0,67,67]|[(76,64),(78,4),(76,12),(74,60),(93,28),(64,4),(0,4),(67,8),(0,4),(69,8),(57,4),(60,12),(64,4),(0,8),(65,4),(0,20),(67,8)]|[[60,64],[50,60],[50,60],[],[],[],[],[],[62,64],[62],[55,62],[55],[],[],[60],[]]|[]|[[64, 4, 12, 60, 28, 4, 4, 8, 4, 8, 4, 12, 4, 8, 4, 20, 8], [(-20.48, 16), (-24.63, 32), (-19.275, 80), (-13.92, 16), (-9.36, 16), (-21.54, 16), (-12.79, 16), (-14.469999999999999, 32), (-16.15, 16), (-8.075, 16)], [(50, 0, -4), (93, -9, -8)], [0, 0, 1, 1, (1, 27)]]
[((0.89,-0.06),256)]|[(A.MAJOR,112),(C.MAJOR,144)]|[0,0,69,69,69,67,0,57,64,64,64,64,52,52,65,64,52,64,64,62,62,62,64,64,57,48,65,62,62,67,0,0,64,64,64,57,57,57,69,69,0,67,67,0,100,0,0,0,0,0,0,0,0,0,57,0,0,0,0,0,74,0,64,103]|[(0,8),(69,12),(67,4),(0,4),(57,4),(64,16),(52,8),(65,4),(64,4),(52,4),(64,8),(62,12),(64,8),(57,4),(48,4),(65,4),(62,8),(67,4),(0,8),(64,12),(57,12),(69,8),(0,4),(67,8),(0,4),(100,4),(0,36),(57,4),(0,20),(74,4),(0,4),(64,4),(103,4)]|[[],[],[],[],[62],[50,57],[],[],[],[],[],[64,93],[],[],[],[]]|[]|[[8, 12, 4, 4, 4, 16, 8, 4, 4, 4, 8, 12, 8, 4, 4, 4, 8, 4, 8, 12, 12, 8, 4, 8, 4, 4, 36, 4, 20, 4, 4, 4, 4], [(-4.68, 64), (-9.36, 16), (-15.04, 16), (0.0, 80), (15.04, 16), (7.52, 64)], [(50, 2, -5), (103, 103, -10)], [0, 0, 0, 0, (0, 0)]]
[((0.89,-0.06),256)]|[(C.MAJOR,256)]|[103,74,74,0,64,64,64,0,0,60,72,63,79,79,0,0,0,74,74,67,67,67,55,55,0,67,67,0,67,67,62,64,0,69,57,57,57,57,57,67,0,0,0,0,0,0,0,74,74,74,74,0,74,74,0,72,60,72,72,0,0,0,96,96]|[(103,4),(74,8),(0,4),(64,12),(0,8),(60,4),(72,4),(63,4),(79,8),(0,12),(74,8),(67,12),(55,8),(0,4),(67,8),(0,4),(67,8),(62,4),(64,4),(0,4),(69,4),(57,20),(67,4),(0,28),(74,16),(0,4),(74,8),(0,4),(72,4),(60,4),(72,8),(0,12),(96,8)]|[[60,64,100],[],[],[57,60,64],[],[],[],[],[52],[],[48,60],[48],[],[],[53],[]]|[]|[[4, 8, 4, 12, 8, 4, 4, 4, 8, 12, 8, 12, 8, 4, 8, 4, 8, 4, 4, 4, 4, 20, 4, 28, 16, 4, 8, 4, 4, 4, 8, 12, 8], [(21.54, 16), (21.009999999999998, 32), (20.48, 16), (14.345, 64), (8.21, 16), (-1.7249999999999996, 16), (-11.66, 16), (-5.88, 16), (-7.619999999999999, 32), (-9.36, 16), (-4.68, 16)], [(48, -7, -4), (103, -7, -53)], [0, 0, 0, 0, (0, 0)]]
[((0.89,-0.06),256)]|[(C.MAJOR,256)]|[96,96,0,0,98,0,64,64,0,65,62,0,0,72,0,0,0,67,67,67,67,62,76,76,0,67,67,67,0,0,0,0,0,60,52,0,0,0,74,74,0,69,69,69,69,0,0,72,0,0,0,67,67,67,67,67,67,0,64,64,0,0,64,0]|[(96,8),(0,8),(98,4),(0,4),(64,8),(0,4),(65,4),(62,4),(0,8),(72,4),(0,12),(67,16),(62,4),(76,8),(0,4),(67,12),(0,20),(60,4),(52,4),(0,12),(74,8),(0,4),(69,16),(0,8),(72,4),(0,12),(67,24),(0,4),(64,8),(0,8),(64,4),(0,4)]|[[64,72],[],[],[57],[],[55],[],[48,55,64],[],[],[],[],[],[],[],[]]|[112,144]|[[8, 8, 4, 4, 8, 4, 4, 4, 8, 4, 12, 16, 4, 8, 4, 12, 20, 4, 4, 12, 8, 4, 16, 8, 4, 12, 24, 4, 8, 8, 4, 4], [(13.92, 16), (10.48, 32), (7.04, 16), (1.165, 16), (-4.71, 16), (-2.355, 16), (0.0, 144)], [(48, -16, 0), (98, -96, -9)], [0, 0, 0, 0, (0, 0)]]
[((0.89,-0.06),256)]|[(C.MAJOR,256)]|[76,72,72,72,72,72,72,72,0,74,0,74,64,64,64,62,62,62,57,57,57,0,0,55,55,55,67,67,67,67,67,0,67,67,0,0,72,0,0,0,72,72,0,72,74,74,74,67,57,0,64,74,74,0,0,0,72,0,0,0,0,0,67,55]|[(76,4),(72,28),(0,4),(74,4),(0,4),(74,4),(64,12),(62,12),(57,12),(0,8),(55,12),(67,20),(0,4),(67,8),(0,8),(72,4),(0,12),(72,8),(0,4),(72,4),(74,12),(67,4),(57,4),(0,4),(64,4),(74,8),(0,12),(72,4),(0,20),(67,4),(55,4)]|[[],[69],[],[],[],[],[],[62],[48,55,60,64],[48],[55,60,67],[],[],[],[],[]]|[192]|[[4, 28, 4, 4, 4, 4, 12, 12, 12, 8, 12, 20, 4, 8, 8, 4, 12, 8, 4, 4, 12, 4, 4, 4, 4, 8, 12, 4, 20, 4, 4], [(3.52, 16), (7.04, 16), (6.46, 80), (5.88, 16), (-23.61, 16), (-5.88, 16), (-15.04, 16), (-7.52, 80)], [(48, -14, -6), (76, -21, -20)], [0, 0, 0, 0, (0, 0)]]
[((0.89,-0.06),256)]|[(C.MAJOR,128),(c.minor,128)]|[55,55,55,67,67,67,0,0,0,0,0,0,0,0,0,0,0,0,0,0,0,0,0,62,62,62,62,0,62,62,64,92,92,92,92,92,92,92,92,92,92,92,92,92,92,92,92,92,92,92,92,98,101,101,101,101,101,101,101,101,101,101,101,101]|[(55,12),(67,12),(0,68),(62,16),(0,4),(62,8),(64,4),(92,80),(98,4),(101,48)]|[[],[62,64],[62],[],[],[],[],[],[62,74],[62],[60,62],[60,62,72],[60,62,72],[60,62,72,74],[72,91,100],[72,91,100]]|[176]|[[12, 12, 68, 16, 4, 8, 4, 80, 4, 48], [(6.96, 16), (13.92, 16), (5.88, 16), (8.77, 80), (11.66, 16), (5.88, 16), (-11.66, 16), (-17.25, 32), (-22.58, 16), (0.0, 32)], [(60, 10, -4), (101, 46, -17)], [0, 0, 1, 0, (0, 0)]]
