[((-0.42,-0.95),256)]|[(F#.MAJOR,128),(A#.MAJOR,128)]|[68,68,68,68,65,65,65,65,65,65,65,65,65,65,66,66,66,66,66,66,66,66,66,66,66,66,66,66,66,66,66,66,66,66,66,65,65,65,65,65,65,65,65,65,65,65,65,65,65,65,65,70,70,70,70,70,70,70,70,70,70,70,70,70]|[(68,16),(65,40),(66,84),(65,64),(70,52)]|[[36,38],[38],[38],[],[37,58],[37,58],[37,58],[37,58],[51,61],[51,61],[51,61],[51,61],[51],[58,62],[43,58],[]]|[64,144]|[[16, 40, 84, 64, 52], [(-11.66, 16), (5.88, 32), (-17.73, 16), (-41.34, 64), (-39.04, 64), (-24.63, 16), (32.28, 16), (31.37, 16), (15.685, 16)], [(36, 7, 4), (70, 2, -3)], [0, 0, 0, 0, (0, 0)]]
[((-0.42,-0.95),256)]|[(A#.MAJOR,96),(A.MAJOR,160)]|[70,70,70,70,67,67,67,67,67,67,67,67,0,0,0,0,0,45,45,45,58,45,43,43,43,78,78,78,76,76,76,76,76,76,76,76,76,76,76,76,76,76,76,76,76,76,76,76,76,93,93,93,93,93,71,71,71,71,62,0,0,0,0,0]|[(70,16),(67,32),(0,20),(45,12),(58,4),(45,4),(43,12),(78,12),(76,84),(93,20),(71,16),(62,4),(0,20)]|[[],[43],[43],[43],[33,43],[],[34,42],[42],[42],[42],[42],[42],[42,45,57,81],[47],[47],[33,45]]|[96]|[[16, 32, 20, 12, 4, 4, 12, 12, 84, 20, 16, 4, 20], [(-2.355, 16), (-4.71, 48), (11.66, 16), (-6.484999999999999, 16), (-24.63, 16), (7.04, 80), (-23.61, 16), (5.88, 32), (-11.66, 16)], [(33, -10, 3), (93, -70, 24)], [0, 0, 1, 0, (0, 0)]]
[((-0.42,-0.95),256)]|[(A.MAJOR,112),(g#.minor,112),(G.MAJOR,32)]|[0,0,0,57,58,58,0,0,0,0,0,0,0,0,0,0,0,0,0,70,70,70,70,70,70,70,70,80,80,80,80,80,80,80,80,80,80,80,80,80,80,80,80,80,80,80,80,0,0,58,58,58,58,0,0,0,0,0,0,0,0,0,0,77]|[(0,12),(57,4),(58,8),(0,52),(70,32),(80,80),(0,8),(58,16),(0,40),(77,4)]|[[33,45],[],[],[],[],[43],[],[68,74],[68,74],[68,74],[68,74],[74],[60,74],[],[],[]]|[32,224]|[[12, 4, 8, 52, 32, 80, 8, 16, 40, 4], [(-11.66, 16), (-12.225, 64), (-12.79, 16), (6.915000000000001, 16), (26.62, 64), (5.88, 16), (-11.66, 16), (-5.83, 48)], [(33, 27, 13), (80, 77, 2)], [0, 0, 1, 0, (0, 0)]]
[((-0.42,-0.95),256)]|[(G.MAJOR,256)]|[74,74,74,74,74,74,74,91,91,91,91,91,91,91,91,91,91,91,91,91,52,52,52,52,52,52,52,52,52,52,52,52,52,52,52,52,52,52,52,52,52,52,48,48,48,48,48,48,48,48,48,48,48,48,48,48,48,48,48,48,48,0,0,0]|[(74,28),(91,52),(52,88),(48,76),(0,12)]|[[46,58,65,70],[46,58,70],[46,58,70],[46,58,70],[52,58],[50],[50],[],[],[],[],[],[],[],[],[]]|[128]|[[28, 52, 88, 76, 12], [(-61.06, 16), (-56.35, 48), (-30.45, 16), (-4.71, 32), (-2.355, 144)], [(46, 4, 0), (91, -74, 21)], [0, 0, 0, 0, (0, 0)]]
[((-0.42,-0.95),256)]|[(C.major,128),(f#.minor,128)]|[0,0,0,0,0,0,0,0,0,0,0,0,0,0,0,0,0,0,0,0,0,0,0,0,0,0,0,0,0,0,0,0,0,0,78,78,78,84,78,78,78,78,78,78,78,78,78,78,78,78,78,78,78,78,78,78,78,78,78,57,57,57,57,57]|[(0,136),(78,12),(84,4),(78,84),(57,20)]|[[],[],[],[],[],[],[],[],[],[73],[73,77,81],[73,77,81],[73,77,81],[73,77,81],[73,77,81],[77]]|[]|[[136, 12, 4, 84, 20], [(-9.17, 144), (-18.34, 16), (32.28, 80), (-9.36, 16)], [(73, 4, -2), (84, 57, 6)], [0, 0, 1, 0, (0, 0)]]
[((-0.42,-0.95),256)]|[(f#.minor,16),(C.MAJOR,160),(g.minor,80)]|[57,57,57,57,36,36,36,36,36,43,43,43,43,43,43,43,43,53,43,43,43,43,43,43,43,43,43,43,43,43,43,55,55,55,55,55,55,55,55,59,59,59,59,55,55,55,55,55,55,55,55,55,55,43,43,43,43,43,43,67,67,67,67,67]|[(57,16),(36,20),(43,32),(53,4),(43,52),(55,32),(59,16),(55,40),(43,24),(67,20)]|[[],[],[],[],[],[],[],[],[],[],[],[],[],[],[],[55]]|[]|[[16, 20, 32, 4, 52, 32, 16, 40, 24, 20], [(-2.355, 240), (-4.71, 16)], [(55, 0, 0), (67, 10, -13)], [0, 0, 0, 0, (0, 0)]]
[((-0.42,-0.95),256)]|[(g.minor,256)]|[67,67,67,67,67,67,67,67,67,67,67,67,67,0,0,0,0,0,0,70,70,70,70,70,70,70,70,70,70,70,70,70,70,70,70,70,70,70,70,70,70,70,70,70,81,81,81,81,81,81,81,81,81,81,81,81,81,81,81,81,81,81,0,0]|[(67,52),(0,24),(70,100),(81,72),(0,8)]|[[55],[55],[55],[],[],[],[],[],[],[],[],[65],[],[],[],[]]|[208]|[[52, 24, 100, 72, 8], [(-4.71, 48), (-7.035, 128), (-9.36, 16), (-4.68, 64)], [(55, 10, -3), (81, -67, 30)], [0, 0, 0, 0, (0, 0)]]
[((-0.42,-0.95),256)]|[(g.minor,112),(c.minor,144)]|[0,0,0,0,0,0,0,0,55,55,0,0,0,0,102,0,0,0,0,0,0,0,0,0,0,0,0,0,0,0,0,79,79,79,79,79,79,79,79,79,79,79,79,79,79,79,79,79,79,79,79,79,101,101,101,101,101,101,101,79,79,79,79,79]|[(0,32),(55,8),(0,16),(102,4),(0,64),(79,84),(101,28),(79,20)]|[[],[],[],[],[54,90],[54,90],[54,82,84,90],[54,82,84,90],[54,57,69],[54,57,69],[54,57,69],[57,69],[57,69],[54,57,69],[54,57,69],[57,69]]|[128]|[[32, 8, 16, 4, 64, 84, 28, 20], [(14.285, 64), (28.57, 32), (51.16, 32), (27.6, 48), (13.92, 32), (27.6, 32), (13.92, 16)], [(54, 3, -1), (102, 79, 6)], [0, 0, 1, 1, (1, 13)]]
[((-0.42,-0.95),256)]|[(c.minor,112),(C.major,64),(C#.MAJOR,80)]|[79,79,79,79,0,0,0,0,0,0,0,0,0,0,0,0,0,0,0,0,0,0,0,0,0,0,101,0,0,0,0,0,0,0,0,0,0,0,0,0,0,0,0,0,48,48,48,48,48,48,48,48,80,80,80,80,80,80,80,80,80,80,80,80]|[(79,16),(0,88),(101,4),(0,68),(48,32),(80,48)]|[[],[],[],[],[],[],[],[],[],[],[],[],[],[47],[47],[47]]|[]|[[16, 88, 4, 68, 32, 48], [(5.83, 208), (11.66, 48)], [(47, 0, 0), (101, 1, -52)], [0, 0, 1, 1, (1, 17)]]
[((-0.42,-0.95),256)]|[(f.minor,128),(a#.minor,96),(C.MAJOR,32)]|[80,80,103,0,0,77,77,77,77,77,77,48,48,48,48,77,77,48,48,36,69,36,75,48,48,48,48,48,48,78,78,78,78,78,78,78,78,78,78,78,78,78,78,101,101,101,101,101,101,101,101,101,101,0,0,0,0,0,0,0,0,0,0,0]|[(80,8),(103,4),(0,8),(77,24),(48,16),(77,8),(48,8),(36,4),(69,4),(36,4),(75,4),(48,24),(78,56),(101,40),(0,44)]|[[47],[47],[47],[],[],[],[],[],[47,71],[47,71],[47,71],[50,89],[50,89],[50,89],[50,89],[50,89]]|[240]|[[8, 4, 8, 24, 16, 8, 8, 4, 4, 4, 4, 24, 56, 40, 44], [(11.66, 48), (17.119999999999997, 80), (22.58, 48), (-15.04, 80)], [(47, 3, -1), (103, -80, 18)], [0, 0, 0, 0, (0, 0)]]
[((-0.42,-0.95),256)]|[(C.MAJOR,256)]|[0,0,0,0,0,0,0,0,76,76,0,0,0,0,0,83,0,0,82,82,82,82,82,77,0,0,0,0,0,0,0,69,0,0,101,40,0,0,0,0,0,59,59,59,59,59,59,59,59,59,59,59,59,48,48,48,48,48,48,48,48,48,48,0]|[(0,32),(76,8),(0,20),(83,4),(0,8),(82,20),(77,4),(0,28),(69,4),(0,8),(101,4),(40,4),(0,20),(59,48),(48,40),(0,4)]|[[50,89],[50,89],[72],[],[],[],[],[],[57],[],[],[],[],[],[],[]]|[64]|[[32, 8, 20, 4, 8, 20, 4, 28, 4, 8, 4, 4, 20, 48, 40, 4], [(-15.04, 32), (-5.88, 16), (0.5800000000000001, 80), (7.04, 16), (3.52, 112)], [(50, 7, 3), (101, 0, 33)], [0, 0, 0, 0, (0, 0)]]
[((-0.42,-0.95),256)]|[(b.minor,80),(a#.minor,160),(e.minor,16)]|[0,0,0,0,0,0,76,0,0,82,82,0,0,0,81,81,81,81,77,77,102,58,58,58,58,58,58,58,58,58,58,58,58,58,58,102,58,58,58,58,58,58,58,58,58,58,58,58,58,58,58,58,58,58,58,97,97,58,58,58,58,50,50,103]|[(0,24),(76,4),(0,8),(82,8),(0,12),(81,16),(77,8),(102,4),(58,56),(102,4),(58,76),(97,8),(58,16),(50,8),(103,4)]|[[],[],[51,75,79],[79],[],[],[],[],[],[51],[51],[51],[51],[51],[51],[]]|[64]|[[24, 4, 8, 8, 12, 16, 8, 4, 56, 4, 76, 8, 16, 8, 4], [(-23.13, 32), (-46.26, 16), (-4.71, 16), (-14.67, 80), (-24.63, 96), (-12.315, 16)], [(51, 0, 3), (103, 103, 2)], [0, 0, 1, 0, (0, 0)]]
[((-0.42,-0.95),256)]|[(e.minor,256)]|[103,103,103,103,103,103,103,52,52,81,81,81,81,81,81,81,81,81,81,81,80,80,80,80,80,80,80,80,80,80,80,80,80,80,80,80,80,74,74,74,74,74,74,74,74,74,74,50,50,50,50,50,50,50,50,50,48,48,48,48,48,48,102,102]|[(103,28),(52,8),(81,44),(80,68),(74,40),(50,36),(48,24),(102,8)]|[[],[],[],[50],[50,69,74],[],[],[],[],[],[],[],[],[],[45],[45]]|[96]|[[28, 8, 44, 68, 40, 36, 24, 8], [(2.94, 48), (5.88, 16), (18.34, 16), (12.69, 144), (7.04, 32)], [(45, -5, 0), (103, -1, -29)], [0, 0, 1, 0, (0, 0)]]
[((-0.42,-0.95),256)]|[(e.minor,256)]|[102,102,102,102,48,48,48,48,48,48,78,78,78,78,78,78,78,78,78,78,78,78,48,48,48,48,48,48,48,48,48,48,48,48,48,48,48,60,60,60,60,60,60,60,60,60,60,60,60,60,60,62,60,60,60,53,53,52,52,52,52,52,52,52]|[(102,16),(48,24),(78,48),(48,60),(60,56),(62,4),(60,12),(53,8),(52,28)]|[[33,45],[],[],[47],[47],[47],[],[],[],[],[48],[48],[48],[48,50],[50],[50]]|[]|[[16, 24, 48, 60, 56, 4, 12, 8, 28], [(13.92, 16), (12.79, 32), (11.66, 48), (2.89, 64), (-5.88, 48), (-11.66, 16), (5.88, 32)], [(33, 17, 5), (102, -50, -16)], [0, 0, 0, 0, (0, 0)]]
[((-0.42,-0.95),256)]|[(e.minor,256)]|[52,61,61,0,0,0,78,78,78,70,70,70,70,70,70,70,70,70,70,70,70,70,70,70,70,70,70,70,71,71,0,0,69,69,69,69,69,69,59,59,59,59,59,59,59,59,59,59,0,0,0,0,47,47,0,47,0,0,0,0,0,0,0,0]|[(52,4),(61,8),(0,12),(78,12),(70,76),(71,8),(0,8),(69,24),(59,40),(0,16),(47,8),(0,4),(47,4),(0,32)]|[[50],[49],[],[],[],[],[],[59,64],[45,49],[45],[47],[47],[],[],[],[]]|[32]|[[4, 8, 12, 12, 76, 8, 8, 24, 40, 16, 8, 4, 4, 32], [(5.88, 16), (-18.34, 16), (0.5400000000000009, 80), (19.42, 16), (24.63, 16), (7.04, 16), (11.66, 32), (5.83, 64)], [(45, -3, 0), (78, -52, 21)], [0, 0, 0, 0, (0, 0)]]
[((-0.42,-0.95),256)]|[(e.minor,256)]|[0,0,0,0,71,71,71,87,71,71,71,71,71,99,99,99,99,99,99,99,98,71,71,71,71,71,71,71,76,76,76,76,76,76,0,0,0,0,0,0,0,0,0,70,103,103,103,70,70,70,70,70,40,70,76,76,76,76,76,76,76,0,0,0]|[(0,16),(71,12),(87,4),(71,20),(99,28),(98,4),(71,28),(76,24),(0,36),(70,4),(103,12),(70,20),(40,4),(70,4),(76,28),(0,12)]|[[],[],[],[],[86],[68,70,74,77,86],[70,74,86],[40,62,64,68,70,74,86],[66,68,70,74],[66,68],[66,68],[38,62,66,68],[35,38,62],[38],[43,67],[62,67,70]]|[96,208,240]|[[16, 12, 4, 20, 28, 4, 28, 24, 36, 4, 12, 20, 4, 4, 28, 12], [(2.94, 64), (5.88, 16), (54.38, 16), (36.61, 16), (59.45, 16), (-54.38, 16), (-34.06, 32), (42.08, 16), (22.58, 16), (5.88, 16), (-9.36, 16), (35.77, 16)], [(35, -24, -18), (103, 0, 58)], [0, 0, 0, 0, (0, 0)]]
[((-0.42,-0.95),256)]|[(e.minor,64),(A#.MAJOR,176),(c.minor,16)]|[0,77,77,76,76,76,76,76,76,76,76,76,76,77,77,77,77,77,77,77,77,82,82,82,82,82,82,82,80,80,81,81,81,81,81,79,79,79,79,79,79,79,75,75,75,75,75,75,75,75,75,75,75,97,97,97,97,97,97,97,103,103,103,103]|[(0,4),(77,8),(76,40),(77,32),(82,28),(80,8),(81,20),(79,28),(75,44),(97,28),(103,16)]|[[67,70],[],[],[],[46,65,70,74],[46,65,70,74],[65,70,74,77,80],[68,71,74,77],[47],[48,72],[],[],[],[],[],[70,74]]|[160]|[[4, 8, 40, 32, 28, 8, 20, 28, 44, 28, 16], [(31.37, 16), (43.13, 48), (54.89, 32), (55.87, 16), (42.08, 16), (11.66, 16), (-11.66, 16), (10.31, 80), (32.28, 16)], [(46, 3, -12), (103, 103, 28)], [0, 0, 0, 0, (0, 0)]]
[((-0.42,-0.95),256)]|[(c.minor,256)]|[103,103,103,103,103,103,103,103,103,103,103,103,103,103,103,103,103,103,103,103,103,103,103,103,103,103,103,103,103,103,103,103,103,103,103,103,103,81,84,84,84,84,84,84,84,84,84,84,84,84,84,84,84,84,84,84,84,84,84,84,84,84,0,0]|[(103,148),(81,4),(84,96),(0,8)]|[[70,74],[70,74],[70,74],[96,102],[96,102],[96,102],[70,78,90,96],[70,78,90,96],[70,78,90,96],[78],[72,78],[72,78],[72,78],[72,78],[72,78],[72,74,77]]|[160]|[[148, 4, 96, 8], [(32.28, 48), (20.48, 48), (51.16, 48), (15.04, 16), (20.48, 80), (-20.48, 16)], [(70, 2, 5), (103, -103, 40)], [0, 0, 1, 1, (0, 0)]]
