[((0.13,-0.71),256)]|[(e.minor,176),(c.minor,80)]|[35,35,35,35,35,35,35,35,35,35,35,35,35,35,35,35,35,35,35,35,35,35,35,35,35,35,35,35,35,35,35,35,31,31,31,31,31,31,31,31,31,31,31,31,31,31,31,31,31,31,31,31,31,31,31,31,31,31,31,31,31,31,31,31]|[(35,128),(31,128)]|[[],[83],[],[83],[],[83],[],[81],[79],[82],[],[82],[],[82],[],[81]]|[160,208,240]|[[128, 128], [(5.83, 16), (11.66, 80), (9.35, 16), (7.04, 16), (-4.71, 16), (-27.6, 80), (-10.280000000000001, 16), (7.04, 16)], [(79, -2, -1), (35, -4, 0)], [0, 0, 0, 0, (0, 0)]]
[((0.08,-0.75),64),((0.04,-0.74),192)]|[(e.minor,176),(c.minor,80)]|[35,35,35,35,35,35,35,35,35,35,35,35,35,35,35,35,35,35,35,35,35,35,35,35,35,35,35,35,35,35,35,35,31,31,31,31,31,31,31,31,31,31,31,31,31,31,31,31,31,31,31,31,31,31,31,31,31,31,31,31,31,31,31,31]|[(35,128),(31,128)]|[[],[83],[],[83],[],[83],[],[81],[79],[84],[],[84],[],[84],[86],[81]]|[256]|[[128, 128], [(5.83, 16), (11.66, 80), (9.35, 16), (7.04, 16), (-4.71, 16), (-5.88, 80), (5.88, 16), (7.04, 16)], [(79, -2, 0), (35, -4, 0)], [0, 0, 1, 1, (1, 4)]]
[((-0.05,-0.73),64),((-0.11,-0.71),192)]|[(e.minor,176),(c.minor,80)]|[35,35,35,35,35,35,35,35,35,35,35,35,35,35,35,35,35,35,35,35,35,35,35,35,35,35,35,35,35,35,35,35,31,31,31,31,31,31,31,31,31,31,31,31,31,31,31,31,31,31,31,31,31,31,31,31,31,31,31,31,31,31,31,31]|[(35,128),(31,128)]|[[],[83],[],[83],[],[83],[],[81],[],[82],[],[82],[],[82],[82],[79]]|[80,112]|[[128, 128], [(5.83, 16), (11.66, 80), (9.35, 16), (7.04, 16), (-10.280000000000001, 16), (-27.6, 96), (-4.71, 16)], [(79, -4, 0), (35, -4, 0)], [0, 0, 1, 1, (1, 4)]]
[((-0.13,-0.69),128),((-0.37,-0.48),128)]|[(e.minor,176),(G.MAJOR,80)]|[35,35,35,35,35,35,35,35,35,35,35,35,35,35,35,35,35,35,35,35,35,35,35,35,35,35,35,35,35,35,35,35,31,31,31,31,31,31,31,31,31,31,31,31,31,31,31,31,31,31,31,31,31,31,31,31,31,31,31,31,31,31,31,31]|[(35,128),(31,128)]|[[71],[71],[71],[71],[71],[71],[71],[71],[70],[70],[70],[70],[70],[70],[70],[70]]|[80]|[[128, 128], [(11.66, 128), (-27.6, 48), (-24.63, 80)], [(70, -1, 0), (35, -4, 0)], [0, 0, 1, 1, (1, 4)]]
[((-0.37,-0.48),256)]|[(G.MAJOR,256)]|[35,35,35,35,35,35,35,35,35,35,35,35,35,35,35,35,35,35,35,35,35,35,35,35,35,35,35,35,35,35,35,35,38,38,38,38,38,38,38,38,38,38,38,38,38,38,38,38,38,38,38,38,38,38,38,38,38,38,38,38,64,64,64,64]|[(35,128),(38,112),(64,16)]|[[],[83],[71],[71],[],[83],[71],[71],[79],[84],[70],[70],[],[84],[70],[70]]|[208]|[[128, 112, 16], [(4.105, 16), (8.21, 112), (-5.88, 16), (-9.36, 16), (-24.63, 32), (-16.994999999999997, 16), (-9.36, 16), (-24.63, 32)], [(70, -13, -2), (64, 29, -12)], [0, 0, 1, 1, (1, 4)]]
[((-0.37,-0.48),64),((-0.38,-0.3),192)]|[(G.MAJOR,36),(d#.minor,16),(e.minor,44),(E.MAJOR,64),(C.MAJOR,96)]|[64,64,64,64,64,60,60,60,63,63,63,63,63,59,59,59,64,64,64,64,64,60,60,60,63,63,63,63,63,59,59,59,52,52,52,52,52,52,52,52,53,53,53,53,53,53,53,53,55,55,55,55,57,57,57,57,59,59,60,60,62,62,59,59]|[(64,20),(60,12),(63,20),(59,12),(64,20),(60,12),(63,20),(59,12),(52,32),(53,32),(55,16),(57,16),(59,8),(60,8),(62,8),(59,8)]|[[71],[71],[71],[71],[71],[71],[71],[71],[70],[70],[70],[70],[70],[70],[70],[70]]|[208]|[[20, 12, 20, 12, 20, 12, 20, 12, 32, 32, 16, 16, 8, 8, 8, 8], [(8.21, 48), (11.66, 48), (-4.71, 32), (-15.04, 32), (-27.6, 96)], [(70, -1, 0), (64, -5, -3)], [1, 1, 0, 0, (0, 0)]]
[((-0.38,-0.3),64),((-0.38,-0.21),64),((-0.38,-0.17),128)]|[(C.MAJOR,36),(d#.minor,16),(e.minor,204)]|[64,64,64,64,60,60,60,60,63,63,63,63,59,59,59,59,64,64,64,64,60,60,60,60,63,63,63,63,59,59,59,59,64,64,64,64,62,62,59,59,64,64,64,64,64,64,64,64,0,0,0,0,0,0,0,0,0,0,0,0,0,0,0,0]|[(64,16),(60,16),(63,16),(59,16),(64,16),(60,16),(63,16),(59,16),(64,16),(62,8),(59,8),(64,32),(0,64)]|[[71],[71],[71],[71],[71],[71],[71],[71],[70],[70],[70],[70],[86],[84],[86],[]]|[144,224,256]|[[16, 16, 16, 16, 16, 16, 16, 16, 16, 8, 8, 32, 64], [(11.66, 128), (-27.6, 64), (5.88, 16), (-5.88, 16), (5.88, 16), (2.94, 16)], [(70, 15, -5), (64, -64, 14)], [0, 1, 1, 0, (0, 0)]]
[((-0.38,-0.17),256)]|[(e.minor,16),(c.minor,64),(E.MAJOR,32),(e.minor,108),(g.minor,36)]|[60,60,60,60,63,63,63,63,63,63,60,60,60,60,60,60,60,60,60,60,64,64,64,64,64,64,63,63,60,60,60,60,64,64,64,64,66,66,66,66,66,66,64,64,64,64,64,64,64,64,64,64,67,67,67,67,67,67,65,65,64,64,64,64]|[(60,16),(63,24),(60,40),(64,24),(63,8),(60,16),(64,16),(66,24),(64,40),(67,24),(65,8),(64,16)]|[[71],[71],[71],[71],[71],[71],[71],[71],[70],[70],[70],[70],[70],[70],[70],[70]]|[80]|[[16, 24, 40, 24, 8, 16, 16, 24, 40, 24, 8, 16], [(11.66, 80), (-4.71, 32), (11.66, 16), (-27.6, 128)], [(70, -1, 0), (67, 4, 1)], [0, 1, 0, 0, (0, 0)]]
[((-0.38,-0.17),64),((-0.34,0.02),64),((-0.33,0.04),128)]|[(g.minor,256)]|[60,60,60,60,63,63,63,63,63,63,60,60,60,60,60,60,60,60,60,60,64,64,64,64,64,64,63,63,62,62,60,60,69,69,67,67,67,67,67,67,67,67,67,67,65,65,64,64,67,67,67,67,67,67,67,67,67,67,67,67,67,67,67,67]|[(60,16),(63,24),(60,40),(64,24),(63,8),(62,8),(60,8),(69,8),(67,40),(65,8),(64,8),(67,64)]|[[86],[83],[85],[81],[83],[83],[78],[86],[70],[70],[70],[70],[70],[70],[70],[70]]|[32,144]|[[16, 24, 40, 24, 8, 8, 8, 8, 40, 8, 8, 64], [(5.88, 16), (11.66, 16), (-18.34, 16), (7.04, 16), (11.66, 32), (15.04, 16), (5.88, 16), (-27.6, 128)], [(70, -16, -2), (69, 7, 0)], [0, 1, 1, 1, (1, 4)]]
[((-0.33,0.04),256)]|[(g.minor,256)]|[0,0,0,0,0,0,0,0,0,0,0,0,0,0,0,0,0,0,0,0,0,0,0,0,0,0,0,0,55,55,55,55,57,57,57,57,57,57,57,57,58,58,58,58,58,58,50,50,50,50,50,50,50,50,50,50,50,50,50,50,50,50,50,50]|[(0,112),(55,16),(57,32),(58,24),(50,72)]|[[71],[71],[71],[71],[95],[95],[95],[95],[70],[70],[70],[70],[94],[94],[94],[94]]|[208]|[[112, 16, 32, 24, 72], [(11.66, 128), (-27.6, 128)], [(70, 23, 0), (58, 50, 5)], [0, 1, 1, 1, (1, 9)]]
[((-0.33,0.02),256)]|[(g.minor,256)]|[0,0,0,0,0,0,0,0,0,0,0,0,0,0,0,0,0,0,0,0,0,0,0,0,0,0,0,0,55,55,55,55,57,57,57,57,57,57,57,57,58,58,58,58,60,60,62,62,62,62,62,62,62,62,62,62,62,62,62,62,62,62,62,62]|[(0,112),(55,16),(57,32),(58,16),(60,8),(62,72)]|[[71],[71],[71],[71],[95],[95],[95],[95],[70],[70],[70],[70],[94],[94],[94],[94]]|[144]|[[112, 16, 32, 16, 8, 72], [(11.66, 128), (-27.6, 128)], [(70, 23, 0), (62, 62, 2)], [0, 1, 1, 1, (1, 4)]]
[((-0.33,0.02),64),((-0.39,-0.04),64),((-0.42,-0.08),128)]|[(g.minor,256)]|[0,0,0,0,0,0,0,0,0,0,0,0,0,0,0,0,0,0,0,0,0,0,0,0,0,0,0,0,55,55,55,55,57,57,57,57,57,57,57,57,58,58,58,58,58,58,50,50,50,50,50,50,50,50,50,50,50,50,50,50,50,50,50,50]|[(0,112),(55,16),(57,32),(58,24),(50,72)]|[[71],[71],[71],[71],[95],[95],[95],[95],[70],[70],[70],[70],[94],[94],[94],[94]]|[80]|[[112, 16, 32, 24, 72], [(11.66, 128), (-27.6, 128)], [(70, 23, 0), (58, 50, 5)], [0, 1, 1, 1, (1, 4)]]
[((-0.42,-0.08),64),((-0.44,-0.27),192)]|[(g.minor,188),(D.MAJOR,68)]|[0,0,0,0,0,0,0,0,0,0,0,0,0,0,0,0,0,0,0,0,0,0,0,0,0,0,0,0,55,55,55,55,57,57,57,57,57,57,57,57,58,58,58,58,60,60,62,62,62,62,62,62,62,62,62,62,62,62,62,62,62,62,62,62]|[(0,112),(55,16),(57,32),(58,16),(60,8),(62,72)]|[[71],[71],[71],[71],[95],[95],[95],[95],[70],[70],[70],[70],[],[],[],[74]]|[]|[[112, 16, 32, 16, 8, 72], [(11.66, 128), (-27.6, 64), (-16.740000000000002, 48), (-5.88, 16)], [(70, 3, 5), (62, 62, 2)], [0, 0, 1, 1, (1, 4)]]
[((-0.44,-0.27),192),((-0.48,-0.15),64)]|[(D.MAJOR,256)]|[74,74,74,74,71,71,71,71,73,73,73,73,69,69,69,69,74,74,74,74,71,71,71,71,73,73,73,73,69,69,69,69,62,62,62,62,62,62,62,62,64,64,64,64,64,64,64,64,65,65,65,65,67,67,67,67,69,69,70,70,72,72,70,70]|[(74,16),(71,16),(73,16),(69,16),(74,16),(71,16),(73,16),(69,16),(62,32),(64,32),(65,16),(67,16),(69,8),(70,8),(72,8),(70,8)]|[[],[83],[71],[71],[71],[71],[71],[71],[70],[70],[70],[70],[70],[70],[70],[70]]|[]|[[16, 16, 16, 16, 16, 16, 16, 16, 32, 32, 16, 16, 8, 8, 8, 8], [(3.52, 16), (7.04, 112), (-21.54, 128)], [(70, -13, -6), (74, -4, -4)], [1, 1, 0, 0, (0, 0)]]
[((-0.5,-0.14),128),((-0.49,-0.11),128)]|[(D.MAJOR,256)]|[74,74,74,74,71,71,71,71,73,73,73,73,69,69,69,69,74,74,74,74,71,71,71,71,73,73,73,73,69,69,69,69,74,74,74,74,72,72,70,70,74,74,74,74,74,74,74,74,74,74,74,74,74,74,74,74,74,74,74,74,74,74,74,74]|[(74,16),(71,16),(73,16),(69,16),(74,16),(71,16),(73,16),(69,16),(74,16),(72,8),(70,8),(74,96)]|[[],[83],[71],[71],[71],[71],[71],[71],[],[84],[70],[70],[70],[70],[70],[70]]|[]|[[16, 16, 16, 16, 16, 16, 16, 16, 16, 8, 8, 96], [(3.52, 16), (7.04, 112), (-2.8749999999999996, 16), (-12.79, 16), (-21.54, 96)], [(70, -13, -5), (74, 0, -2)], [0, 0, 1, 1, (1, 4)]]
[((-0.49,-0.11),256)]|[(D.MAJOR,108),(b.minor,28),(F.MAJOR,36),(d.minor,84)]|[71,71,71,71,73,73,73,73,73,73,71,71,71,71,71,71,71,71,71,71,74,74,74,74,74,74,73,73,71,71,71,71,74,74,74,74,77,77,77,77,77,77,74,74,74,74,74,74,74,74,74,74,77,77,77,77,77,77,76,76,74,74,74,74]|[(71,16),(73,24),(71,40),(74,24),(73,8),(71,16),(74,16),(77,24),(74,40),(77,24),(76,8),(74,16)]|[[86],[83],[85],[81],[83],[83],[78],[86],[70],[70],[70],[70],[70],[70],[70],[70]]|[32,144]|[[16, 24, 40, 24, 8, 16, 16, 24, 40, 24, 8, 16], [(-5.88, 16), (7.04, 16), (-11.66, 16), (-4.71, 16), (7.04, 32), (8.21, 16), (5.88, 16), (-27.6, 16), (-30.45, 32), (-27.6, 80)], [(70, -16, -2), (77, 3, 1)], [0, 1, 1, 0, (0, 0)]]
[((-0.49,-0.11),192),((0,0),64)]|[(d.minor,4),(b.minor,104),(F.MAJOR,84),(A#.MAJOR,64)]|[71,71,71,71,73,73,73,73,73,73,71,71,71,71,71,71,71,71,71,71,74,74,74,74,74,74,73,73,72,72,71,71,79,79,77,77,77,77,77,77,77,77,77,77,76,76,74,74,77,77,77,77,77,77,77,77,77,77,77,77,0,0,0,0]|[(71,16),(73,24),(71,40),(74,24),(73,8),(72,8),(71,8),(79,8),(77,40),(76,8),(74,8),(77,48),(0,16)]|[[86],[83],[85],[81],[83],[83],[78],[86],[70],[70],[70],[70],[70],[70],[70],[]]|[32,144]|[[16, 24, 40, 24, 8, 8, 8, 8, 40, 8, 8, 48, 16], [(5.88, 16), (11.66, 16), (-18.34, 16), (7.04, 16), (11.66, 32), (15.04, 16), (7.04, 16), (-30.45, 64), (-27.6, 48), (-13.8, 16)], [(70, -16, -1), (79, -71, 34)], [0, 1, 1, 1, (1, 4)]]
