[((-0.78,0.17),64),((-0.77,0.14),192)]|[(b.minor,256)]|[71,71,71,71,71,71,71,71,71,71,71,71,71,71,71,71,71,71,71,71,71,71,71,71,71,71,71,71,71,71,71,71,71,71,71,71,71,71,71,71,71,71,71,71,71,71,71,71,71,71,71,71,71,71,71,71,71,71,71,71,71,71,71,71]|[(71,256)]|[[],[],[],[],[],[],[],[],[],[],[],[],[],[],[],[]]|[]|[[256], [[0, 256]], ((0, 0, 0), (71, 0, 0)), [0, 0, 0, 0, (0, 0)]]
[((-0.76,0.14),128),((-0.29,0.74),128)]|[(b.minor,256)]|[71,71,71,71,71,71,71,71,71,71,71,71,71,71,71,71,71,71,71,71,71,71,71,71,71,71,71,71,71,71,71,71,71,71,71,71,71,71,71,71,71,71,71,71,71,71,71,71,71,71,71,71,71,71,71,71,71,71,71,71,71,71,71,71]|[(71,256)]|[[64,68],[64,68],[64,68],[64,68],[71],[71],[71],[71],[65,69],[65,69],[65,69],[65,69],[65,69],[65,69],[65,69],[65,69]]|[]|[[256], [(28.57, 64), (11.66, 64), (-16.15, 128)], [(64, 1, 1), (71, 0, 0)], [0, 0, 1, 1, (1, 4)]]
[((-0.29,0.74),64),((-0.25,0.71),64),((-0.25,0.76),64),((-0.25,0.74),64)]|[(b.minor,256)]|[71,71,71,71,71,71,71,71,71,71,71,71,71,71,71,71,71,71,71,71,71,71,71,71,71,71,71,71,71,71,71,71,71,71,71,71,71,71,71,71,71,71,71,71,71,71,71,71,74,74,74,74,71,71,71,71,71,71,71,71,71,71,71,71]|[(71,192),(74,16),(71,48)]|[[64,68],[64,68],[64,68],[64,68],[71],[71],[71],[71],[65,69],[65,69],[65,69],[65,69],[74],[74],[74],[74]]|[]|[[192, 16, 48], [(28.57, 64), (11.66, 64), (-16.15, 64), (5.88, 64)], [(64, 10, -1), (74, 0, 0)], [0, 0, 1, 1, (1, 4)]]
[((-0.25,0.74),256)]|[(b.minor,256)]|[71,71,71,71,71,71,71,71,71,71,71,71,71,71,71,71,71,71,71,71,71,71,71,71,71,71,71,71,71,71,71,71,71,71,71,71,71,71,71,71,71,71,71,71,71,71,71,71,71,71,71,71,71,71,71,71,71,71,71,71,71,71,71,71]|[(71,256)]|[[64,68,76],[64,68,76,80],[64,68,76,80],[64,68,76,80],[68,74,80],[68,74,78],[68,74,78],[68,74,78],[64,76,78],[64,76,80],[64,76,80],[64,76,80],[71,74,80],[71,74,78],[71,74,78],[71,74,78]]|[]|[[256], [(34.92, 16), (48.8, 48), (42.81, 16), (38.24, 48), (29.52, 16), (34.92, 48), (35.77, 16), (30.45, 48)], [(64, 7, -1), (71, 0, 0)], [0, 0, 1, 1, (1, 4)]]
[((-0.25,0.74),64),((-0.28,0.51),64),((-0.26,0.77),128)]|[(b.minor,256)]|[71,71,71,71,71,71,71,71,71,71,71,71,71,71,71,71,71,71,71,71,71,71,71,71,71,71,71,71,71,71,71,71,71,71,71,71,71,71,71,71,71,71,71,71,71,71,71,71,71,71,71,71,71,71,71,71,71,71,71,71,71,71,71,71]|[(71,256)]|[[69,76,78],[69,76,80],[69,76,80],[69,76,80],[65,69,74],[69,74,78],[69,74,78],[69,74,78],[64,68],[64,68],[64,68],[64,68],[71],[71],[71],[71]]|[]|[[256], [(28.57, 16), (34.06, 48), (-21.54, 16), (26.62, 48), (28.57, 64), (11.66, 64)], [(64, 2, -2), (71, 0, 0)], [0, 0, 1, 1, (1, 4)]]
[((-0.26,0.77),256)]|[(b.minor,256)]|[71,71,71,71,71,71,71,71,71,71,71,71,71,71,71,71,74,74,74,74,71,71,71,71,71,71,71,71,71,71,71,71,71,71,71,71,71,71,71,71,71,71,71,71,71,71,71,71,71,71,71,71,71,71,71,71,71,71,71,71,71,71,71,71]|[(71,64),(74,16),(71,176)]|[[65,69],[65,69],[65,69],[65,69],[74],[74],[74],[74],[74],[74],[74],[74],[74],[74],[74],[74]]|[]|[[64, 16, 176], [(-16.15, 64), (5.88, 192)], [(65, 9, 2), (74, 0, 0)], [0, 0, 1, 1, (1, 4)]]
[((-0.26,0.77),192),((-0.3,0.14),64)]|[(b.minor,256)]|[71,71,71,71,71,71,71,71,71,71,71,71,71,71,71,71,71,71,71,71,71,71,71,71,71,71,71,71,71,71,71,71,71,71,71,71,71,71,71,71,71,71,71,71,71,71,71,71,74,74,74,74,71,71,71,71,71,71,71,71,71,71,71,71]|[(71,192),(74,16),(71,48)]|[[64,68,76],[64,68,76,80],[64,68,76,80],[64,68,76,80],[71,74,80],[71,74,78],[71,74,78],[71,74,78],[69,76,78],[69,76,80],[69,76,80],[69,76,80],[74,80],[74,78],[74,78],[74,78]]|[]|[[192, 16, 48], [(34.92, 16), (48.8, 48), (35.77, 16), (30.45, 48), (28.57, 16), (34.06, 48), (26.62, 16), (20.48, 48)], [(64, 10, 0), (74, 0, 0)], [0, 0, 1, 1, (1, 4)]]
[((-0.76,0.14),64),((-0.06,0.82),64),((-0.25,0.79),128)]|[(b.minor,256)]|[71,71,71,71,71,71,71,71,71,71,71,71,71,71,71,71,71,71,71,71,71,71,71,71,71,71,71,71,71,71,71,71,71,71,71,71,71,71,71,71,71,71,71,71,71,71,71,71,71,71,71,71,71,71,71,71,71,71,71,71,71,71,71,71]|[(71,256)]|[[74,76],[74,80],[74,80],[74,80],[74,80],[74,78],[74,78],[74,78],[65,69],[65,69],[65,69],[65,69],[71],[71],[71],[71]]|[144]|[[256], [(13.92, 16), (26.62, 64), (20.48, 48), (-16.15, 64), (11.66, 64)], [(65, -3, -2), (71, 0, 0)], [0, 0, 1, 1, (1, 4)]]
[((-0.25,0.79),64),((-0.24,0.76),64),((-0.23,0.77),64),((-0.24,0.76),64)]|[(b.minor,256)]|[71,71,71,71,71,71,71,71,71,71,71,71,71,71,71,71,71,71,71,71,71,71,71,71,71,71,71,71,71,71,71,71,71,71,71,71,71,71,71,71,71,71,71,71,71,71,71,71,71,71,71,71,71,71,71,71,71,71,71,71,71,71,71,71]|[(71,256)]|[[64,68,71,76],[64,68,71,76,80],[64,68,71,76,80],[64,68,71,76,80],[64,68,71,74,80],[64,68,71,74,78],[64,68,71,74,78],[64,68,71,74,78],[64,68,71,76,78],[64,68,71,76,80],[64,68,71,76,80],[64,68,71,76,80],[64,68,71,74,80],[64,68,71,74,78],[64,68,71,74,78],[69,74,78]]|[]|[[256], [(42.81, 16), (54.38, 48), (53.35, 16), (50.0, 48), (51.16, 16), (54.38, 48), (53.35, 16), (50.0, 32), (26.62, 16)], [(64, 5, -3), (71, 0, 0)], [0, 0, 1, 1, (1, 4)]]
[((-0.29,0.62),64),((-0.18,0.49),64),((-0.19,0.49),64),((-0.69,0.22),64)]|[(b.minor,256)]|[71,71,71,71,71,71,71,71,71,71,71,71,71,71,71,71,71,71,71,71,71,71,71,71,71,71,71,71,71,71,71,71,71,71,71,71,71,71,71,71,71,71,71,71,71,71,71,71,74,74,74,74,71,71,71,71,71,71,71,71,71,71,71,71]|[(71,192),(74,16),(71,48)]|[[64,68,71,76,78],[64,68,71,76,80],[64,68,71,76,80],[64,68,71,76,80],[69,71,74],[69,71,74,78],[69,71,74,78],[69,71,74,78],[65,69],[65,69],[65,69],[65,69],[74],[74],[74],[74]]|[144]|[[192, 16, 48], [(51.16, 16), (54.38, 48), (23.61, 16), (35.77, 48), (-16.15, 64), (5.88, 64)], [(64, 10, -1), (74, 0, 0)], [0, 0, 1, 1, (1, 4)]]
[((-0.77,0.13),64),((-0.77,0.17),64),((-0.77,0.16),64),((-0.78,0.05),64)]|[(b.minor,256)]|[71,71,71,71,71,71,71,71,71,71,71,71,71,71,71,71,71,71,71,71,71,71,71,71,71,71,71,71,71,71,71,71,71,71,71,71,71,71,71,71,71,71,71,71,71,71,71,71,71,71,71,71,71,71,71,71,71,71,71,71,71,71,71,71]|[(71,256)]|[[64,68],[64,68],[64,68],[64,68],[64,68],[64,68],[64,68],[64,68],[71,76],[71,76,80],[71,76,80],[71,76,80],[69,71,74],[69,71,74,78],[69,71,74,78],[69,71,74,78]]|[]|[[256], [(28.57, 128), (19.42, 16), (37.43, 48), (23.61, 16), (35.77, 48)], [(64, 5, 0), (71, 0, 0)], [0, 0, 1, 1, (1, 4)]]
[((-0.79,0.13),256)]|[(b.minor,256)]|[71,71,71,71,71,71,71,71,71,71,71,71,71,71,71,71,71,71,71,71,71,71,71,71,71,71,71,71,71,71,71,71,71,71,71,71,71,71,71,71,71,71,71,71,71,71,71,71,71,71,71,71,71,71,71,71,71,71,71,71,71,71,71,71]|[(71,256)]|[[65,69,71,78],[65,69,71,76],[65,69,71,76],[65,69,71,76],[65,69,74],[69,74,78],[69,74,78],[69,74,78],[65,69,71,78],[65,69,71,76],[65,69,71,76],[65,69,71,76],[65,69,74],[69,74,78],[69,74,78],[69,74,78]]|[]|[[256], [(38.24, 16), (33.18, 48), (-21.54, 16), (26.62, 48), (38.24, 16), (33.18, 48), (-21.54, 16), (26.62, 48)], [(65, 4, -1), (71, 0, 0)], [0, 0, 1, 1, (1, 4)]]
[((-0.45,0.13),192),((-0.44,0.13),64)]|[(b.minor,256)]|[71,71,71,71,71,71,71,71,71,71,71,71,71,71,71,71,71,71,71,71,71,71,71,71,71,71,71,71,71,71,71,71,71,71,71,71,71,71,71,71,71,71,71,71,71,71,71,71,71,71,71,71,71,71,71,71,71,71,71,71,71,71,71,71]|[(71,256)]|[[71,76,78],[71,76,80],[71,76,80],[71,76,80],[73,78,80],[73,78,81],[73,78,81],[73,78,81],[71,76,81],[71,76,80],[71,76,80],[71,76,80],[69,74],[69,74,78],[69,74,78],[69,74,78]]|[144]|[[256], [(32.28, 16), (37.43, 48), (-46.26, 16), (36.61, 48), (25.63, 16), (37.43, 48), (12.79, 16), (26.62, 48)], [(69, -2, 1), (71, 0, 0)], [0, 0, 1, 1, (1, 4)]]
[((-0.41,0.34),64),((-0.41,0.23),64),((-0.18,0.3),64),((-0.18,0.32),64)]|[(b.minor,256)]|[71,71,71,71,71,71,71,71,71,71,71,71,71,71,71,71,71,71,71,71,71,71,71,71,71,71,71,71,71,71,71,71,71,71,71,71,71,71,71,71,71,71,71,71,71,71,71,71,71,71,71,71,71,71,71,71,71,71,71,71,71,71,71,71]|[(71,256)]|[[71,76,78],[71,76,80],[75,80],[75,80],[69,74],[69,74,78],[73,78],[73,78],[64,68,71,76,78],[64,68,71,76,80],[64,68,80],[64,68,80],[69,71,74],[69,71,74,78],[71,73,78],[71,73,78]]|[144,240]|[[256], [(32.28, 16), (37.43, 16), (-41.34, 32), (12.79, 16), (26.62, 16), (-31.37, 32), (51.16, 16), (54.38, 16), (-44.23, 32), (23.61, 16), (35.77, 16), (39.82, 32)], [(64, 0, -2), (71, 0, 0)], [0, 0, 1, 1, (1, 4)]]
[((-0.64,-0.57),64),((-0.59,-0.51),192)]|[(b.minor,256)]|[71,71,71,71,71,71,71,71,71,71,71,71,71,71,71,71,74,74,74,74,71,71,71,71,71,71,71,71,71,71,71,71,71,71,71,71,71,71,71,71,71,71,71,71,71,71,71,71,71,71,71,71,71,71,71,71,71,71,71,71,71,71,71,71]|[(71,64),(74,16),(71,176)]|[[65,69,75,80],[65,69,75,80],[65,69,75,80],[65,69,75,80],[74,78,80],[73,74,78],[73,74,78],[73,74,78],[64,75,78],[64,68,80],[64,68,80],[64,68,80],[68,73,78,80],[68,73,78],[68,73,78],[68,73,78]]|[144]|[[64, 16, 176], [(50.58, 64), (38.24, 16), (35.77, 48), (-42.08, 16), (-44.23, 48), (-56.81, 16), (-46.26, 48)], [(64, 3, 1), (74, 0, 0)], [0, 0, 1, 1, (1, 4)]]
[((-0.59,-0.51),192),((-0.48,-0.52),64)]|[(b.minor,256)]|[71,71,71,71,71,71,71,71,71,71,71,71,71,71,71,71,71,71,71,71,71,71,71,71,71,71,71,71,71,71,71,71,71,71,71,71,71,71,71,71,71,71,71,71,71,71,71,71,71,71,71,71,71,71,71,71,71,71,71,71,71,71,71,71]|[(71,256)]|[[64,68,71,78,80],[64,68,71,80],[64,68,71,80],[64,68,71,80],[68,71,78,80],[64,68,71],[64,68,69],[69,78],[71,78,80],[69,71],[71,80],[71,80],[71,78,80],[69,71],[69,78],[69,78]]|[176]|[[256], [(-57.27, 16), (-50.58, 48), (-53.87, 16), (37.43, 16), (34.06, 16), (21.54, 16), (-42.08, 16), (18.34, 16), (-31.37, 32), (-42.08, 16), (18.34, 16), (21.54, 32)], [(64, 5, 1), (71, 0, 0)], [0, 0, 1, 1, (1, 4)]]
[((-0.57,-0.53),256)]|[(b.minor,256)]|[71,71,71,71,71,71,71,71,71,71,71,71,71,71,71,71,71,71,71,71,71,71,71,71,71,71,71,71,71,71,71,71,71,71,71,71,71,71,71,71,71,71,71,71,71,71,71,71,71,71,71,71,71,71,71,71,71,71,71,71,71,71,71,71]|[(71,256)]|[[71,76,78],[69,71,76],[71,76],[71,76],[69,71,74],[69,71],[69,74],[69,74],[69,71,74],[69,71,76],[69,71,76],[69,71,76],[69,71,74],[69,71],[69,71],[69,71]]|[48]|[[256], [(32.28, 16), (25.63, 16), (19.42, 32), (23.61, 16), (18.34, 16), (12.79, 32), (23.61, 16), (25.63, 48), (23.61, 16), (18.34, 48)], [(69, -2, -1), (71, 0, 0)], [0, 0, 1, 1, (1, 4)]]
[((-0.57,-0.53),256)]|[(b.minor,256)]|[71,71,71,71,71,71,71,71,71,71,71,71,71,71,71,71,71,71,71,71,71,71,71,71,71,71,71,71,71,71,71,71,71,71,71,71,71,71,71,71,71,71,71,71,71,71,71,71,71,71,71,71,71,71,71,71,71,71,71,71,71,71,71,71]|[(71,256)]|[[64,68,71,74,76],[64,69,71,76],[64,68,71,76],[64,68,71,76],[64,68,71,74,76],[64,68,71,74],[64,68,71,74],[64,68,71,74],[64,68,71,74,76],[64,69,71,76],[64,68,71,76],[64,68,71,76],[64,68,71,74,76],[64,68,71,74],[69,74],[69,74]]|[]|[[256], [(46.26, 16), (32.28, 16), (42.81, 32), (46.26, 16), (41.34, 48), (46.26, 16), (32.28, 16), (42.81, 32), (46.26, 16), (41.34, 16), (12.79, 32)], [(64, 5, -2), (71, 0, 0)], [0, 0, 1, 1, (1, 4)]]
[((-0.57,-0.53),64),((-0.59,-0.53),64),((-0.78,0.16),64),((-0.76,0.15),64)]|[(b.minor,256)]|[71,71,71,71,71,71,71,71,71,71,71,71,71,71,71,71,71,71,71,71,71,71,71,71,71,71,71,71,71,71,71,71,71,71,71,71,71,71,71,71,71,71,71,71,71,71,71,71,71,71,71,71,71,71,71,71,71,71,71,71,71,71,71,71]|[(71,256)]|[[64,74],[64],[64],[64],[71],[71],[71],[71],[65,69],[65,69],[65,69],[65,69],[65,69],[65,69],[65,69],[65,69]]|[]|[[256], [(13.92, 16), (8.21, 48), (11.66, 64), (-16.15, 128)], [(64, 1, 1), (71, 0, 0)], [0, 0, 1, 1, (1, 4)]]
[((-0.76,0.15),64),((-0.75,0.17),64),((-0.78,0.17),128)]|[(b.minor,256)]|[71,71,71,71,71,71,71,71,71,71,71,71,71,71,71,71,71,71,71,71,71,71,71,71,71,71,71,71,71,71,71,71,71,71,71,71,71,71,71,71,71,71,71,71,71,71,71,71,74,74,74,74,71,71,71,71,71,71,71,71,71,71,71,71]|[(71,192),(74,16),(71,48)]|[[64,68],[64,68],[64,68],[64,68],[71],[71],[71],[71],[65,69],[65,69],[65,69],[65,69],[74],[74],[74],[74]]|[]|[[192, 16, 48], [(28.57, 64), (11.66, 64), (-16.15, 64), (5.88, 64)], [(64, 10, -1), (74, 0, 0)], [0, 1, 1, 1, (1, 4)]]
[((-0.08,0.57),64),((-0.26,0.76),192)]|[(b.minor,256)]|[71,71,71,71,71,71,71,71,71,71,71,71,71,71,71,71,71,71,71,71,71,71,71,71,71,71,71,71,71,71,71,71,71,71,71,71,71,71,71,71,71,71,71,71,71,71,71,71,71,71,71,71,71,71,71,71,71,71,71,71,71,71,71,71]|[(71,256)]|[[64,68,76],[64,68,76,80],[64,68,76,80],[64,68,76,80],[68,74,80],[68,74,78],[68,74,78],[68,74,78],[64,76,78],[64,76,80],[64,76,80],[64,76,80],[71,74,80],[71,74,78],[71,74,78],[71,74,78]]|[]|[[256], [(34.92, 16), (48.8, 48), (42.81, 16), (38.24, 48), (29.52, 16), (34.92, 48), (35.77, 16), (30.45, 48)], [(64, 7, -1), (71, 0, 0)], [0, 1, 1, 1, (1, 4)]]
[((-0.31,0.75),64),((-0.6,0.76),64),((-0.25,0.7),64),((-0.25,0.74),64)]|[(b.minor,256)]|[71,71,71,71,71,71,71,71,71,71,71,71,71,71,71,71,71,71,71,71,71,71,71,71,71,71,71,71,71,71,71,71,71,71,71,71,71,71,71,71,71,71,71,71,71,71,71,71,71,71,71,71,71,71,71,71,71,71,71,71,71,71,71,71]|[(71,256)]|[[69,76,78],[69,76,80],[69,76,80],[69,76,80],[65,69,74],[69,74,78],[69,74,78],[69,74,78],[64,68],[64,68],[64,68],[64,68],[71],[71],[71],[71]]|[]|[[256], [(28.57, 16), (34.06, 48), (-21.54, 16), (26.62, 48), (28.57, 64), (11.66, 64)], [(64, 2, -2), (71, 0, 0)], [0, 1, 1, 1, (1, 4)]]
[((-0.25,0.74),64),((-0.25,0.75),192)]|[(b.minor,256)]|[71,71,71,71,71,71,71,71,71,71,71,71,71,71,71,71,74,74,74,74,71,71,71,71,71,71,71,71,71,71,71,71,71,71,71,71,71,71,71,71,71,71,71,71,71,71,71,71,71,71,71,71,71,71,71,71,71,71,71,71,71,71,71,71]|[(71,64),(74,16),(71,176)]|[[65,69],[65,69],[65,69],[65,69],[74],[74],[74],[74],[74],[74],[74],[74],[74],[74],[74],[74]]|[]|[[64, 16, 176], [(-16.15, 64), (5.88, 192)], [(65, 9, 2), (74, 0, 0)], [0, 1, 1, 1, (1, 4)]]
[((-0.25,0.75),128),((-0.53,0.39),64),((-0.58,-0.71),64)]|[(b.minor,256)]|[71,71,71,71,71,71,71,71,71,71,71,71,71,71,71,71,71,71,71,71,71,71,71,71,71,71,71,71,71,71,71,71,71,71,71,71,71,71,71,71,71,71,71,71,71,71,71,71,74,74,74,74,71,71,71,71,71,71,71,71,71,71,71,71]|[(71,192),(74,16),(71,48)]|[[64,68,76],[64,68,76,80],[64,68,76,80],[64,68,76,80],[71,74,80],[71,74,78],[71,74,78],[71,74,78],[69,76,78],[69,76,80],[69,76,80],[69,76,80],[74,80],[74,78],[74,78],[74,78]]|[]|[[192, 16, 48], [(34.92, 16), (48.8, 48), (35.77, 16), (30.45, 48), (28.57, 16), (34.06, 48), (26.62, 16), (20.48, 48)], [(64, 10, 0), (74, 0, 0)], [0, 1, 1, 1, (1, 4)]]
[((-0.53,-0.51),64),((-0.69,0.18),64),((-0.75,0.14),128)]|[(b.minor,256)]|[71,71,71,71,71,71,71,71,71,71,71,71,71,71,71,71,71,71,71,71,71,71,71,71,71,71,71,71,71,71,71,71,71,71,71,71,71,71,71,71,71,71,71,71,71,71,71,71,71,71,71,71,71,71,71,71,71,71,71,71,71,71,71,71]|[(71,256)]|[[74,76],[74,80],[74,80],[74,80],[74,80],[74,78],[74,78],[74,78],[65,69],[65,69],[65,69],[65,69],[71],[71],[71],[71]]|[144]|[[256], [(13.92, 16), (26.62, 64), (20.48, 48), (-16.15, 64), (11.66, 64)], [(65, -3, -2), (71, 0, 0)], [0, 1, 1, 1, (1, 4)]]
[((-0.75,0.14),64),((-0.79,0.11),64),((-0.83,0.09),64),((-0.84,0.1),64)]|[(b.minor,256)]|[71,71,71,71,71,71,71,71,71,71,71,71,71,71,71,71,71,71,71,71,71,71,71,71,71,71,71,71,71,71,71,71,71,71,71,71,71,71,71,71,71,71,71,71,71,71,71,71,71,71,71,71,71,71,71,71,71,71,71,71,71,71,71,71]|[(71,256)]|[[64,68,71,76],[64,68,71,76,80],[64,68,71,76,80],[64,68,71,76,80],[64,68,71,74,80],[64,68,71,74,78],[64,68,71,74,78],[64,68,71,74,78],[64,68,71,76,78],[64,68,71,76,80],[64,68,71,76,80],[64,68,71,76,80],[64,68,71,74,80],[64,68,71,74,78],[64,68,71,74,78],[69,74,78]]|[]|[[256], [(42.81, 16), (54.38, 48), (53.35, 16), (50.0, 48), (51.16, 16), (54.38, 48), (53.35, 16), (50.0, 32), (26.62, 16)], [(64, 5, -3), (71, 0, 0)], [0, 1, 1, 1, (1, 4)]]
[((-0.63,0.32),64),((-0.59,0.5),64),((-0.23,0.78),64),((-0.24,0.76),64)]|[(b.minor,256)]|[71,71,71,71,71,71,71,71,71,71,71,71,71,71,71,71,71,71,71,71,71,71,71,71,71,71,71,71,71,71,71,71,71,71,71,71,71,71,71,71,71,71,71,71,71,71,71,71,74,74,74,74,71,71,71,71,71,71,71,71,71,71,71,71]|[(71,192),(74,16),(71,48)]|[[64,68,71,76,78],[64,68,71,76,80],[64,68,71,76,80],[64,68,71,76,80],[69,71,74],[69,71,74,78],[69,71,74,78],[69,71,74,78],[65,69],[65,69],[65,69],[65,69],[74],[74],[74],[74]]|[144]|[[192, 16, 48], [(51.16, 16), (54.38, 48), (23.61, 16), (35.77, 48), (-16.15, 64), (5.88, 64)], [(64, 10, -1), (74, 0, 0)], [0, 1, 1, 1, (1, 4)]]
[((-0.34,0.54),64),((-0.45,-0.17),64),((-0.62,-0.51),128)]|[(b.minor,256)]|[71,71,71,71,71,71,71,71,71,71,71,71,71,71,71,71,71,71,71,71,71,71,71,71,71,71,71,71,71,71,71,71,71,71,71,71,71,71,71,71,71,71,71,71,71,71,71,71,71,71,71,71,71,71,71,71,71,71,71,71,71,71,71,71]|[(71,256)]|[[64,68],[64,68],[64,68],[64,68],[64,68],[64,68],[64,68],[64,68],[71,76],[71,76,80],[71,76,80],[71,76,80],[69,71,74],[69,71,74,78],[69,71,74,78],[69,71,74,78]]|[]|[[256], [(28.57, 128), (19.42, 16), (37.43, 48), (23.61, 16), (35.77, 48)], [(64, 5, 0), (71, 0, 0)], [0, 1, 1, 1, (1, 4)]]
[((-0.62,-0.51),128),((-0.59,-0.49),64),((0.13,0.76),64)]|[(b.minor,256)]|[71,71,71,71,71,71,71,71,71,71,71,71,71,71,71,71,71,71,71,71,71,71,71,71,71,71,71,71,71,71,71,71,71,71,71,71,71,71,71,71,71,71,71,71,71,71,71,71,71,71,71,71,71,71,71,71,71,71,71,71,71,71,71,71]|[(71,256)]|[[65,69,71,78],[65,69,71,76],[65,69,71,76],[65,69,71,76],[65,69,74],[69,74,78],[69,74,78],[69,74,78],[65,69,71,78],[65,69,71,76],[65,69,71,76],[65,69,71,76],[65,69,74],[69,74,78],[69,74,78],[69,74,78]]|[]|[[256], [(38.24, 16), (33.18, 48), (-21.54, 16), (26.62, 48), (38.24, 16), (33.18, 48), (-21.54, 16), (26.62, 48)], [(65, 4, -1), (71, 0, 0)], [0, 1, 1, 1, (1, 4)]]
[((-0.22,0.77),192),((-0.4,0.32),64)]|[(b.minor,256)]|[71,71,71,71,71,71,71,71,71,71,71,71,71,71,71,71,71,71,71,71,71,71,71,71,71,71,71,71,71,71,71,71,71,71,71,71,71,71,71,71,71,71,71,71,71,71,71,71,71,71,71,71,71,71,71,71,71,71,71,71,71,71,71,71]|[(71,256)]|[[71,76,78],[71,76,80],[71,76,80],[71,76,80],[73,78,80],[73,78,81],[73,78,81],[73,78,81],[71,76,81],[71,76,80],[71,76,80],[71,76,80],[69,74],[69,74,78],[69,74,78],[69,74,78]]|[144]|[[256], [(32.28, 16), (37.43, 48), (-46.26, 16), (36.61, 48), (25.63, 16), (37.43, 48), (12.79, 16), (26.62, 48)], [(69, -2, 1), (71, 0, 0)], [0, 1, 1, 1, (1, 4)]]
[((-0.19,0.79),192),((-0.86,0.12),64)]|[(b.minor,256)]|[71,71,71,71,71,71,71,71,71,71,71,71,71,71,71,71,71,71,71,71,71,71,71,71,71,71,71,71,71,71,71,71,71,71,71,71,71,71,71,71,71,71,71,71,71,71,71,71,71,71,71,71,71,71,71,71,71,71,71,71,71,71,71,71]|[(71,256)]|[[71,76,78],[71,76,80],[75,80],[75,80],[69,74],[69,74,78],[73,78],[73,78],[64,68,71,76,78],[64,68,71,76,80],[64,68,80],[64,68,80],[69,71,74],[69,71,74,78],[71,73,78],[71,73,78]]|[144,240]|[[256], [(32.28, 16), (37.43, 16), (-41.34, 32), (12.79, 16), (26.62, 16), (-31.37, 32), (51.16, 16), (54.38, 16), (-44.23, 32), (23.61, 16), (35.77, 16), (39.82, 32)], [(64, 0, -2), (71, 0, 0)], [0, 1, 1, 1, (1, 4)]]
[((-0.82,0.15),192),((-0.81,0.16),64)]|[(b.minor,80),(e.minor,176)]|[71,71,71,71,71,71,71,71,71,71,71,71,71,71,71,71,74,74,74,74,71,71,71,71,71,71,71,71,71,71,71,71,71,71,71,71,71,71,71,71,71,71,71,71,71,71,71,71,71,71,71,71,71,71,71,71,71,71,71,71,71,71,71,71]|[(71,64),(74,16),(71,176)]|[[65,69,75,80],[65,69,75,80],[65,69,75,80],[65,69,75,80],[74,78,80],[73,74,78],[73,74,78],[73,74,78],[64,75,78],[64,68,80],[64,68,80],[64,68,80],[68,73,78,80],[68,73,78],[68,73,78],[68,73,78]]|[144]|[[64, 16, 176], [(50.58, 64), (38.24, 16), (35.77, 48), (-42.08, 16), (-44.23, 48), (-56.81, 16), (-46.26, 48)], [(64, 3, 1), (74, 0, 0)], [0, 1, 1, 1, (1, 4)]]
[((-0.82,0.15),64),((-0.77,0.18),64),((-0.72,0.1),64),((-0.05,0.44),64)]|[(e.minor,256)]|[71,71,71,71,71,71,71,71,71,71,71,71,71,71,71,71,71,71,71,71,71,71,71,71,71,71,71,71,71,71,71,71,71,71,71,71,71,71,71,71,71,71,71,71,71,71,71,71,71,71,71,71,71,71,71,71,71,71,71,71,71,71,71,71]|[(71,256)]|[[64,68,71,78,80],[64,68,71,80],[64,68,71,80],[64,68,71,80],[68,71,78,80],[64,68,71],[64,68,69],[69,78],[71,78,80],[69,71],[71,80],[71,80],[71,78,80],[69,71],[69,78],[69,78]]|[176]|[[256], [(-57.27, 16), (-50.58, 48), (-53.87, 16), (37.43, 16), (34.06, 16), (21.54, 16), (-42.08, 16), (18.34, 16), (-31.37, 32), (-42.08, 16), (18.34, 16), (21.54, 32)], [(64, 5, 1), (71, 0, 0)], [0, 1, 1, 1, (1, 4)]]
[((-0.27,0.77),256)]|[(e.minor,256)]|[71,71,71,71,71,71,71,71,71,71,71,71,71,71,71,71,71,71,71,71,71,71,71,71,71,71,71,71,71,71,71,71,71,71,71,71,71,71,71,71,71,71,71,71,71,71,71,71,71,71,71,71,71,71,71,71,71,71,71,71,71,71,71,71]|[(71,256)]|[[71,76,78],[69,71,76],[71,76],[71,76],[69,71,74],[69,71],[69,74],[69,74],[69,71,74],[69,71,76],[69,71,76],[69,71,76],[69,71,74],[69,71],[69,71],[69,71]]|[48]|[[256], [(32.28, 16), (25.63, 16), (19.42, 32), (23.61, 16), (18.34, 16), (12.79, 32), (23.61, 16), (25.63, 48), (23.61, 16), (18.34, 48)], [(69, -2, -1), (71, 0, 0)], [0, 1, 1, 1, (1, 4)]]
[((-0.27,0.77),192),((0,0),64)]|[(e.minor,256)]|[71,71,71,71,71,71,71,71,71,71,71,71,71,71,71,71,71,71,71,71,71,71,71,71,71,71,71,71,71,71,71,71,71,71,71,71,71,71,71,71,71,71,71,71,71,71,71,71,71,71,71,71,71,71,71,71,71,71,71,71,0,0,0,0]|[(71,240),(0,16)]|[[64,68,71,74,76],[64,69,71,76],[64,68,71,76],[64,68,71,76],[64,68,71,74,76],[64,68,71,74],[64,68,71,74],[64,68,71,74],[64,68,71,74,76],[64,69,71,76],[64,68,71,76],[71,76],[69,71,74],[69,71],[69,74],[]]|[]|[[240, 16], [(46.26, 16), (32.28, 16), (42.81, 32), (46.26, 16), (41.34, 48), (46.26, 16), (32.28, 16), (42.81, 16), (19.42, 16), (23.61, 16), (18.34, 16), (12.79, 16), (6.395, 16)], [(64, 5, -1), (71, -71, 31)], [0, 0, 1, 1, (1, 4)]]
